0 1
1 1
2 7
9 1
###########
0 1
1 1
2 9
4 3
14 1
###########
0 1
1 1
2 4
3 7
4 4
12 1
13 1
19 1
###########
0 1
1 1
2 11
7 7
9 2
19 2
24 1
###########
0 1
1 1
2 8
3 11
4 8
29 1
###########
0 1
1 1
2 15
3 3
4 4
7 2
8 3
13 3
22 1
23 1
34 1
###########
0 1
1 1
2 14
3 7
8 16
39 1
###########
0 1
1 1
2 40
34 2
44 1
###########
0 1
1 1
2 30
4 10
19 5
32 1
33 1
49 1
###########
0 1
1 1
2 7
3 21
7 14
9 10
54 1
###########
0 1
1 1
2 44
9 7
13 6
59 1
###########
0 1
1 1
2 4
3 5
4 12
7 5
8 26
12 2
13 2
17 4
42 1
43 1
64 1
###########
0 1
1 1
2 10
3 18
7 6
8 31
24 2
69 1
###########
0 1
1 1
2 41
3 14
4 13
23 4
74 1
###########
0 1
1 1
2 46
4 24
52 1
53 1
54 5
79 1
###########
0 1
1 1
2 53
3 15
4 5
8 9
84 1
###########
0 1
1 1
2 49
13 25
14 4
22 6
33 3
89 1
###########
0 1
1 1
2 43
4 17
7 3
12 12
18 2
23 3
28 6
62 1
63 1
64 4
94 1
###########
0 1
1 1
2 44
3 48
12 5
99 1
###########
0 1
1 1
2 7
3 22
4 20
8 46
14 3
27 4
104 1
###########
0 1
1 1
2 37
4 12
7 16
8 34
13 6
72 1
73 1
109 1
###########
0 1
1 1
2 75
3 9
18 25
34 3
114 1
###########
0 1
1 1
2 24
3 43
4 17
7 21
12 5
19 4
84 3
119 1
###########
0 1
1 1
2 24
3 54
4 11
13 25
49 3
82 1
83 1
99 3
124 1
###########
0 1
1 1
2 127
129 1
###########
0 1
1 1
2 66
3 41
7 16
14 9
134 1
###########
0 1
1 1
2 7
3 8
4 26
8 45
9 28
19 3
22 5
27 2
28 7
49 2
92 1
93 1
109 2
139 1
###########
0 1
1 1
2 45
3 71
19 6
23 9
28 8
53 3
144 1
###########
0 1
1 1
2 56
7 73
33 18
149 1
###########
0 1
1 1
2 17
3 65
4 19
7 19
24 19
34 11
102 1
103 1
154 1
###########
0 1
1 1
2 81
4 31
13 25
33 18
124 2
159 1
###########
0 1
1 1
2 106
3 49
42 4
64 3
164 1
###########
0 1
1 1
2 54
3 53
4 44
32 2
33 2
52 6
67 4
112 1
113 1
169 1
###########
0 1
1 1
2 23
3 86
4 52
27 11
174 1
###########
0 1
1 1
2 152
18 17
19 8
179 1
###########
0 1
1 1
2 84
3 11
4 58
18 11
23 14
64 2
122 1
123 1
184 1
###########
0 1
1 1
2 179
72 5
134 3
189 1
###########
0 1
1 1
2 181
9 11
194 1
###########
0 1
1 1
2 84
4 44
8 6
14 39
19 17
38 2
73 3
132 1
133 1
199 1
###########
0 1
1 1
2 66
3 79
7 30
18 6
29 7
43 6
52 4
53 4
204 1
###########
0 1
1 1
2 154
3 47
4 6
209 1
###########
0 1
1 1
2 104
4 69
18 30
59 7
142 1
143 1
214 1
###########
0 1
1 1
2 21
3 150
4 28
44 11
59 7
219 1
###########
0 1
1 1
2 153
8 69
224 1
###########
0 1
1 1
2 118
3 9
4 11
7 64
9 23
152 1
153 1
229 1
###########
0 1
1 1
2 133
13 47
24 42
28 10
234 1
###########
0 1
1 1
2 78
3 11
4 107
7 35
23 6
239 1
###########
0 1
1 1
2 10
3 79
4 52
7 4
8 59
23 4
37 6
47 2
49 9
63 4
64 8
162 1
163 1
194 3
244 1
###########
0 1
1 1
2 116
4 73
9 58
249 1
###########
0 1
1 1
2 143
3 62
12 40
89 2
93 3
199 2
254 1
###########
0 1
1 1
2 104
4 58
8 46
18 3
24 11
52 14
58 12
62 3
99 4
172 1
173 1
259 1
###########
0 1
1 1
2 116
3 79
4 14
29 8
33 21
34 16
53 5
79 3
264 1
###########
0 1
1 1
2 129
3 27
12 91
52 9
67 11
269 1
###########
0 1
1 1
2 21
3 89
4 79
7 7
8 68
52 2
53 2
182 1
183 1
214 2
274 1
###########
0 1
1 1
2 205
3 21
22 51
279 1
###########
0 1
1 1
2 207
13 42
27 27
112 6
284 1
###########
0 1
1 1
2 170
4 66
8 21
28 14
34 4
43 5
64 5
192 1
193 1
289 1
###########
0 1
1 1
2 32
3 250
88 7
209 3
294 1
###########
0 1
1 1
2 163
3 97
4 20
44 15
104 2
299 1
###########
0 1
1 1
2 193
4 48
7 17
8 4
13 6
22 16
28 4
43 6
58 2
78 4
202 1
203 1
304 1
###########
0 1
1 1
2 195
7 52
12 32
24 25
113 3
309 1
###########
0 1
1 1
2 279
3 33
314 1
###########
0 1
1 1
2 145
4 20
7 74
12 32
13 8
22 3
23 8
38 22
77 3
212 1
213 1
319 1
###########
0 1
1 1
2 229
12 35
17 18
33 40
324 1
###########
0 1
1 1
2 296
18 28
129 3
329 1
###########
0 1
1 1
2 76
3 140
4 85
19 15
64 9
104 5
222 1
223 1
334 1
###########
0 1
1 1
2 302
12 25
14 10
339 1
###########
0 1
1 1
2 32
3 40
7 266
88 4
344 1
###########
0 1
1 1
2 101
3 84
4 45
7 40
8 23
19 12
32 4
33 4
49 15
67 2
107 15
232 1
233 1
349 1
###########
0 1
1 1
2 41
3 239
7 16
14 12
34 26
39 18
354 1
###########
0 1
1 1
2 186
3 26
4 113
37 5
72 27
359 1
###########
0 1
1 1
2 57
3 117
4 44
9 52
14 14
19 41
34 8
49 3
52 15
109 3
133 3
242 1
243 1
259 3
364 1
###########
0 1
1 1
2 286
3 74
129 2
144 3
289 2
369 1
###########
0 1
1 1
2 362
12 10
374 1
###########
0 1
1 1
2 55
3 190
4 8
7 43
13 59
49 12
72 2
73 2
144 4
252 1
253 1
379 1
###########
0 1
1 1
2 145
3 9
4 173
7 36
44 13
122 6
384 1
###########
0 1
1 1
2 273
7 112
304 2
389 1
###########
0 1
1 1
2 142
4 112
9 57
23 39
33 15
37 4
62 8
109 13
262 1
263 1
394 1
###########
0 1
1 1
2 149
7 236
23 12
399 1
###########
0 1
1 1
2 16
3 276
4 89
17 21
404 1
###########
0 1
1 1
2 179
4 98
8 67
23 19
28 3
37 22
78 2
98 3
109 12
272 1
273 1
409 1
###########
0 1
1 1
2 269
7 79
8 36
42 5
63 12
64 4
82 5
144 2
414 1
###########
0 1
1 1
2 320
9 94
153 3
419 1
###########
0 1
1 1
2 281
4 127
19 7
148 5
282 1
283 1
424 1
###########
0 1
1 1
2 41
3 98
4 64
7 217
43 7
429 1
###########
0 1
1 1
2 420
8 12
434 1
###########
0 1
1 1
2 117
3 108
4 26
7 27
12 15
17 51
19 30
22 36
34 17
94 4
139 4
292 1
293 1
439 1
###########
0 1
1 1
2 69
3 219
18 49
27 7
38 19
49 25
52 22
67 32
444 1
###########
0 1
1 1
2 400
13 23
98 9
123 9
143 6
449 1
###########
0 1
1 1
2 144
3 12
4 65
8 78
12 4
13 71
32 34
33 12
42 4
69 6
87 2
117 4
118 8
139 6
302 1
303 1
454 1
###########
0 1
1 1
2 298
4 107
14 52
459 1
###########
0 1
1 1
2 85
3 275
4 53
7 23
8 12
29 14
464 1
###########
0 1
1 1
2 123
4 6
7 118
12 69
14 23
18 17
19 22
23 70
32 3
33 3
112 3
113 3
312 1
313 1
334 5
469 1
###########
0 1
1 1
2 308
3 10
8 116
14 29
73 6
173 3
474 1
###########
0 1
1 1
2 304
9 157
12 16
479 1
###########
0 1
1 1
2 11
3 8
4 9
7 10
8 185
9 14
13 52
14 64
18 8
28 44
34 31
47 8
64 3
92 2
93 2
98 8
108 11
109 6
169 2
322 1
323 1
379 2
484 1
###########
0 1
1 1
2 487
489 1
###########
0 1
1 1
2 224
4 221
9 12
24 25
47 6
127 4
494 1
###########
0 1
1 1
2 195
3 46
4 143
7 22
12 47
23 22
39 20
332 1
333 1
499 1
###########
0 1
1 1
2 448
19 46
73 6
394 2
504 1
###########
0 1
1 1
2 158
3 202
4 126
39 8
114 13
509 1
###########
0 1
1 1
2 151
3 40
4 155
8 116
9 32
58 6
98 2
133 8
342 1
343 1
514 1
###########
0 1
1 1
2 398
7 64
13 12
17 10
33 33
519 1
###########
0 1
1 1
2 57
3 91
4 161
8 92
17 40
19 64
47 10
73 7
524 1
###########
0 1
1 1
2 204
3 102
4 121
17 36
22 34
29 9
37 3
127 3
184 2
193 3
202 8
352 1
353 1
529 1
###########
0 1
1 1
2 31
3 81
4 313
8 77
59 14
69 9
77 4
209 3
534 1
###########
0 1
1 1
2 123
4 17
9 176
12 67
22 64
24 62
38 15
59 6
167 7
539 1
###########
0 1
1 1
2 60
3 133
4 131
8 100
23 42
42 15
52 19
58 22
62 10
154 8
362 1
363 1
544 1
###########
0 1
1 1
2 176
3 254
4 61
9 11
17 11
48 30
64 4
549 1
###########
0 1
1 1
2 422
3 12
9 56
42 11
44 47
142 4
554 1
###########
0 1
1 1
2 154
3 6
4 160
9 47
19 18
23 6
24 52
29 94
107 2
148 6
149 10
372 1
373 1
559 1
###########
0 1
1 1
2 60
3 502
564 1
###########
0 1
1 1
2 32
3 380
4 37
13 99
72 8
124 7
159 4
569 1
###########
0 1
1 1
2 20
3 126
4 54
7 111
13 24
14 68
17 90
18 62
24 12
224 3
382 1
383 1
574 1
###########
0 1
1 1
2 190
7 319
9 19
13 14
29 17
143 8
153 10
579 1
###########
0 1
1 1
2 217
4 54
8 273
87 27
213 3
224 8
584 1
###########
0 1
1 1
2 233
3 64
4 151
12 78
22 28
29 13
88 14
112 2
113 2
392 1
393 1
589 1
###########
0 1
1 1
2 511
3 20
23 29
92 12
152 4
153 16
594 1
###########
0 1
1 1
2 552
4 24
69 17
209 2
469 2
599 1
###########
0 1
1 1
2 12
3 138
4 164
8 180
14 13
27 58
67 31
169 4
402 1
403 1
604 1
###########
0 1
1 1
2 543
4 56
73 8
609 1
###########
0 1
1 1
2 15
3 385
7 67
13 69
27 51
68 25
614 1
###########
0 1
1 1
2 348
4 163
7 5
23 5
38 27
43 3
47 5
53 12
63 5
118 2
123 5
127 18
148 3
163 5
184 3
412 1
413 1
444 4
484 2
619 1
###########
0 1
1 1
2 403
3 36
14 107
27 11
53 47
122 10
249 4
499 4
624 1
###########
0 1
1 1
2 189
3 355
8 83
629 1
###########
0 1
1 1
2 81
3 160
4 154
8 8
14 44
19 7
22 13
23 71
24 22
37 20
52 8
67 8
77 23
87 11
422 1
423 1
634 1
###########
0 1
1 1
2 40
3 118
4 231
14 42
18 64
29 6
38 103
69 12
79 11
169 7
233 3
639 1
###########
0 1
1 1
2 94
3 449
17 10
18 83
224 2
238 4
644 1
###########
0 1
1 1
2 349
4 131
13 63
14 59
34 4
37 11
89 12
179 11
244 5
432 1
433 1
649 1
###########
0 1
1 1
2 368
4 103
13 135
23 46
654 1
###########
0 1
1 1
2 188
4 344
17 52
27 59
99 14
659 1
###########
0 1
1 1
2 83
3 263
4 212
29 18
39 23
53 6
63 6
84 42
127 2
199 5
442 1
443 1
664 1
###########
0 1
1 1
2 463
9 32
18 32
27 19
42 56
58 29
67 36
669 1
###########
0 1
1 1
2 557
3 9
13 51
63 37
68 5
73 13
674 1
###########
0 1
1 1
2 251
4 136
8 101
13 64
17 30
23 30
28 22
29 31
47 3
63 4
163 3
452 1
453 1
679 1
###########
0 1
1 1
2 209
4 45
7 65
8 155
9 133
29 75
684 1
###########
0 1
1 1
2 396
8 210
13 69
207 7
264 5
689 1
###########
0 1
1 1
2 173
3 286
4 99
13 78
34 25
79 14
94 8
132 2
133 2
253 3
462 1
463 1
694 1
###########
0 1
1 1
2 697
699 1
###########
0 1
1 1
2 391
3 38
4 152
24 121
704 1
###########
0 1
1 1
2 377
4 46
7 61
17 43
34 51
43 34
58 24
59 8
77 14
79 5
94 3
98 9
158 20
259 6
262 4
472 1
473 1
709 1
###########
0 1
1 1
2 256
3 13
9 120
12 224
14 74
27 21
249 2
559 2
714 1
###########
0 1
1 1
2 519
13 176
42 15
154 4
214 3
719 1
###########
0 1
1 1
2 257
3 214
4 123
19 9
22 105
138 2
204 7
482 1
483 1
514 3
724 1
###########
0 1
1 1
2 330
3 53
7 213
12 53
17 39
32 15
102 24
729 1
###########
0 1
1 1
2 180
4 329
9 109
14 45
44 15
58 6
68 23
69 7
227 16
574 2
734 1
###########
0 1
1 1
2 159
3 205
4 91
7 118
22 15
32 80
62 27
68 4
164 5
184 9
208 5
258 5
282 6
289 3
492 1
493 1
589 3
739 1
###########
0 1
1 1
2 597
9 61
12 7
19 6
27 36
52 7
99 3
112 12
164 6
198 7
744 1
###########
0 1
1 1
2 519
3 41
4 18
9 126
34 29
187 11
273 3
749 1
###########
0 1
1 1
2 45
3 263
4 138
8 11
9 98
13 18
19 58
29 50
34 8
52 11
54 23
64 5
73 11
153 11
502 1
503 1
754 1
###########
0 1
1 1
2 303
8 180
13 29
14 109
17 80
27 7
48 18
79 16
209 6
213 7
264 2
759 1
###########
0 1
1 1
2 532
7 29
19 69
37 108
122 12
147 12
764 1
###########
0 1
1 1
2 171
4 42
7 84
8 5
9 301
13 113
58 5
69 6
114 20
147 2
152 5
199 6
202 5
512 1
513 1
769 1
###########
0 1
1 1
2 737
74 12
93 10
162 13
774 1
###########
0 1
1 1
2 522
14 31
23 24
38 23
42 64
47 110
304 3
779 1
###########
0 1
1 1
2 440
4 40
7 64
13 128
28 11
32 57
72 4
73 4
88 6
97 6
122 11
123 9
522 1
523 1
784 1
###########
0 1
1 1
2 530
3 196
19 38
108 18
194 5
789 1
###########
0 1
1 1
2 277
3 402
14 8
17 72
22 20
63 6
242 4
564 3
794 1
###########
0 1
1 1
2 59
4 250
8 355
23 73
32 6
33 6
92 28
112 8
152 2
153 2
247 6
532 1
533 1
799 1
###########
0 1
1 1
2 254
3 433
27 56
32 28
63 10
94 4
224 4
293 3
307 5
319 5
804 1
###########
0 1
1 1
2 601
3 73
24 10
48 79
62 29
84 8
174 7
809 1
###########
0 1
1 1
2 200
3 126
4 254
13 16
17 93
23 121
542 1
543 1
814 1
###########
0 1
1 1
2 817
819 1
###########
0 1
1 1
2 658
18 107
98 32
103 10
174 9
237 6
824 1
###########
0 1
1 1
2 330
4 69
7 54
14 143
22 4
27 41
28 19
34 71
39 23
77 4
88 24
124 29
129 4
158 2
213 4
289 2
552 1
553 1
649 2
829 1
###########
0 1
1 1
2 794
53 11
124 11
214 16
834 1
###########
0 1
1 1
2 387
3 420
123 15
164 11
234 4
839 1
###########
0 1
1 1
2 410
3 51
4 121
9 69
13 6
34 16
37 60
38 10
49 58
58 3
63 21
88 6
202 3
319 6
562 1
563 1
844 1
###########
0 1
1 1
2 474
3 24
7 138
9 209
664 2
849 1
###########
0 1
1 1
2 808
24 15
33 7
184 22
854 1
###########
0 1
1 1
2 176
4 112
8 288
13 62
24 58
27 26
28 45
47 11
48 8
67 55
124 8
313 3
572 1
573 1
684 3
859 1
###########
0 1
1 1
2 378
3 151
18 107
19 76
33 69
38 29
49 46
68 6
864 1
###########
0 1
1 1
2 848
82 6
109 6
223 4
259 3
869 1
###########
0 1
1 1
2 254
3 226
4 246
12 71
28 41
42 28
167 2
304 2
582 1
583 1
874 1
###########
0 1
1 1
2 810
7 56
138 11
879 1
###########
0 1
1 1
2 438
4 81
8 55
9 223
18 44
24 41
884 1
###########
0 1
1 1
2 301
3 77
4 263
8 207
19 5
54 6
82 4
184 5
229 17
592 1
593 1
889 1
###########
0 1
1 1
2 373
3 392
18 98
63 7
114 8
142 14
894 1
###########
0 1
1 1
2 500
4 249
18 28
24 98
72 11
182 8
639 3
899 1
###########
0 1
1 1
2 383
3 52
4 104
7 119
12 126
39 34
58 42
62 3
64 30
172 2
173 2
217 3
602 1
603 1
904 1
###########
0 1
1 1
2 894
99 6
112 7
909 1
###########
0 1
1 1
2 791
3 29
13 25
93 5
104 16
129 23
144 20
333 3
914 1
###########
0 1
1 1
2 11
3 398
4 159
7 72
8 155
42 30
88 24
98 11
103 28
139 21
294 6
612 1
613 1
919 1
###########
0 1
1 1
2 448
4 24
8 166
14 202
19 31
67 37
72 9
79 5
924 1
###########
0 1
1 1
2 356
3 293
4 25
23 97
29 31
44 121
238 4
929 1
###########
0 1
1 1
2 130
3 112
4 163
14 282
28 56
29 30
38 16
52 41
54 40
59 11
112 47
178 2
622 1
623 1
934 1
###########
0 1
1 1
2 148
3 739
18 50
939 1
###########
0 1
1 1
2 827
3 100
108 8
329 2
369 3
739 2
944 1
###########
0 1
1 1
2 112
3 26
4 77
7 19
8 352
13 159
22 60
39 76
48 7
99 26
129 17
237 7
294 7
632 1
633 1
949 1
###########
0 1
1 1
2 920
4 32
954 1
###########
0 1
1 1
2 78
3 681
7 72
28 20
34 39
42 36
102 19
262 7
659 5
959 1
###########
0 1
1 1
2 214
3 380
4 12
7 263
17 8
22 6
59 6
77 8
97 36
254 18
383 7
642 1
643 1
754 2
964 1
###########
0 1
1 1
2 721
13 8
22 166
24 14
59 19
77 6
87 12
98 5
129 3
248 4
289 3
353 3
689 3
969 1
###########
0 1
1 1
2 771
3 36
18 24
19 125
24 6
133 10
974 1
###########
0 1
1 1
2 569
4 8
7 274
19 30
42 82
97 10
187 2
652 1
653 1
979 1
###########
0 1
1 1
2 577
7 110
13 30
14 238
123 24
384 3
984 1
###########
0 1
1 1
2 379
3 593
78 6
114 7
344 2
989 1
###########
0 1
1 1
2 477
4 148
7 39
9 30
12 29
19 23
37 66
43 20
62 77
68 3
87 44
112 27
142 4
238 3
662 1
663 1
994 1
###########
0 1
1 1
2 965
4 22
373 10
999 1
###########
0 1
1 1
2 133
3 131
4 518
7 11
8 60
22 62
42 13
53 23
74 35
128 16
1004 1
###########
0 1
1 1
2 240
4 74
7 203
8 23
12 327
22 38
23 57
72 22
94 7
148 5
192 2
193 2
274 5
672 1
673 1
1009 1
###########
0 1
1 1
2 908
9 53
43 11
44 40
1014 1
###########
0 1
1 1
2 511
7 441
57 65
1019 1
###########
0 1
1 1
2 257
3 70
4 191
8 231
13 30
17 85
19 12
24 24
34 103
78 7
197 7
373 3
682 1
683 1
1024 1
###########
0 1
1 1
2 423
3 46
12 299
13 231
37 28
1029 1
###########
0 1
1 1
2 529
4 265
17 34
23 204
1034 1
###########
0 1
1 1
2 599
4 303
42 6
59 38
64 5
67 31
74 34
82 6
98 6
144 5
198 2
692 1
693 1
1039 1
###########
0 1
1 1
2 404
3 240
22 276
23 122
1044 1
###########
0 1
1 1
2 460
8 226
17 191
18 23
37 108
72 16
289 23
1049 1
###########
0 1
1 1
2 382
4 36
7 46
8 243
9 70
19 46
22 205
72 3
73 3
154 10
252 3
253 3
702 1
703 1
1054 1
###########
0 1
1 1
2 1053
369 2
829 2
1059 1
###########
0 1
1 1
2 108
8 499
9 145
14 113
17 163
83 34
1064 1
###########
0 1
1 1
2 76
3 32
4 122
7 50
8 569
13 103
22 36
43 30
149 5
168 20
264 9
403 6
427 7
712 1
713 1
1069 1
###########
0 1
1 1
2 100
4 436
8 276
17 163
48 50
54 12
97 19
159 16
1074 1
###########
0 1
1 1
2 613
8 283
13 62
77 110
277 4
393 3
844 2
1079 1
###########
0 1
1 1
2 86
3 436
4 137
13 191
18 19
22 18
38 11
42 12
48 138
58 14
147 16
207 2
722 1
723 1
1084 1
###########
0 1
1 1
2 643
4 265
7 59
52 68
64 45
144 3
403 4
1089 1
###########
0 1
1 1
2 207
4 422
7 66
12 252
19 140
147 5
1094 1
###########
0 1
1 1
2 445
3 234
4 125
7 29
13 17
22 180
42 17
114 35
268 13
732 1
733 1
1099 1
###########
0 1
1 1
2 1073
49 19
224 8
384 2
1104 1
###########
0 1
1 1
2 492
3 95
4 168
7 219
22 121
138 8
338 4
1109 1
###########
0 1
1 1
2 286
4 310
7 7
9 212
13 8
17 6
24 132
44 43
64 12
77 3
78 7
88 8
103 4
107 7
117 6
118 7
143 32
212 2
213 2
267 3
268 8
343 5
742 1
743 1
1114 1
###########
0 1
1 1
2 471
3 577
63 41
88 6
137 10
227 8
287 4
1119 1
###########
0 1
1 1
2 377
3 245
4 155
7 289
23 17
59 4
143 31
174 4
1124 1
###########
0 1
1 1
2 655
3 50
4 72
7 141
13 142
14 23
64 20
78 11
108 11
752 1
753 1
1129 1
###########
0 1
1 1
2 1085
19 39
413 3
452 5
1134 1
###########
0 1
1 1
2 572
3 406
4 40
33 115
779 4
1139 1
###########
0 1
1 1
2 587
4 259
13 84
14 90
17 58
87 24
118 36
218 2
762 1
763 1
1144 1
###########
0 1
1 1
2 1097
18 47
449 3
1149 1
###########
0 1
1 1
2 822
3 300
93 14
94 8
179 4
427 4
1154 1
###########
0 1
1 1
2 727
4 384
9 44
772 1
773 1
1159 1
###########
0 1
1 1
2 964
24 5
34 142
52 51
1164 1
###########
0 1
1 1
2 954
4 12
7 24
9 131
44 27
174 8
259 11
1169 1
###########
0 1
1 1
2 127
4 7
7 348
9 376
12 100
13 5
62 24
63 36
69 59
74 44
88 5
108 4
169 13
233 5
308 5
409 2
469 8
782 1
783 1
919 2
1174 1
###########
0 1
1 1
2 276
3 843
62 49
158 5
302 4
1179 1
###########
0 1
1 1
2 1016
17 146
118 9
304 11
1184 1
###########
0 1
1 1
2 86
3 463
4 221
8 173
13 146
19 12
38 23
52 12
83 14
149 27
227 2
433 3
464 3
792 1
793 1
1189 1
###########
0 1
1 1
2 893
3 178
14 52
67 62
237 5
934 2
1194 1
###########
0 1
1 1
2 852
3 105
22 240
1199 1
###########
0 1
1 1
2 395
3 325
4 379
24 8
28 12
38 7
39 11
83 3
107 8
122 25
123 7
138 9
187 8
288 3
802 1
803 1
1204 1
###########
0 1
1 1
2 1138
4 63
119 6
1209 1
###########
0 1
1 1
2 372
3 111
4 472
7 66
29 186
379 5
1214 1
###########
0 1
1 1
2 319
3 391
4 101
7 96
8 69
13 39
22 157
32 4
33 4
112 4
113 4
232 2
233 2
234 13
312 4
313 4
424 2
812 1
813 1
1219 1
###########
0 1
1 1
2 407
3 54
4 758
364 3
1224 1
###########
0 1
1 1
2 456
3 690
23 67
177 9
378 5
1229 1
###########
0 1
1 1
2 484
4 184
7 129
9 310
19 72
64 4
167 27
259 20
822 1
823 1
1234 1
###########
0 1
1 1
2 971
8 52
17 129
28 76
74 9
1239 1
###########
0 1
1 1
2 353
3 715
37 104
73 17
138 37
374 9
453 3
994 4
1244 1
###########
0 1
1 1
2 171
4 269
7 23
8 498
19 39
23 123
52 54
68 39
238 2
304 12
469 15
832 1
833 1
1249 1
###########
0 1
1 1
2 45
3 220
4 632
13 124
17 119
29 36
49 40
113 15
127 5
143 16
1254 1
###########
0 1
1 1
2 919
3 334
323 4
1259 1
###########
0 1
1 1
2 534
4 33
7 387
24 181
33 82
42 11
48 22
87 3
117 4
303 3
842 1
843 1
1264 1
###########
0 1
1 1
2 447
3 782
57 38
1269 1
###########
0 1
1 1
2 202
3 390
7 235
12 167
17 80
32 61
33 36
37 28
59 68
109 5
1274 1
###########
0 1
1 1
2 636
4 318
7 99
29 132
48 7
68 65
103 7
488 6
852 1
853 1
879 5
1279 1
###########
0 1
1 1
2 1234
24 10
58 28
113 10
1284 1
###########
0 1
1 1
2 761
3 351
9 143
278 22
289 6
449 2
1009 2
1289 1
###########
0 1
1 1
2 797
4 293
19 70
24 28
43 58
52 6
54 24
102 6
122 6
247 2
862 1
863 1
1294 1
###########
0 1
1 1
2 152
4 346
8 577
14 160
37 12
192 23
259 11
364 13
473 3
1299 1
###########
0 1
1 1
2 944
4 43
8 98
12 14
14 138
67 29
69 26
193 10
1304 1
###########
0 1
1 1
2 199
3 284
4 42
7 170
8 82
9 216
12 15
19 164
28 7
44 63
67 18
68 11
133 12
349 20
872 1
873 1
1024 2
1309 1
###########
0 1
1 1
2 882
12 105
13 263
22 55
69 4
174 3
1314 1
###########
0 1
1 1
2 656
3 265
7 94
9 160
27 78
63 14
104 9
162 6
178 26
324 5
338 4
1319 1
###########
0 1
1 1
2 674
4 434
9 98
62 103
122 4
252 2
253 2
394 3
882 1
883 1
1324 1
###########
0 1
1 1
2 967
4 230
23 108
124 19
944 3
1329 1
###########
0 1
1 1
2 675
3 558
69 97
464 2
1334 1
###########
0 1
1 1
2 344
3 456
4 444
33 54
42 37
892 1
893 1
1339 1
###########
0 1
1 1
2 15
3 520
7 157
8 66
13 77
14 448
78 51
503 8
1344 1
###########
0 1
1 1
2 928
3 252
22 150
68 14
179 3
1349 1
###########
0 1
1 1
2 41
3 87
4 51
8 40
9 530
13 126
18 26
19 15
22 10
37 164
42 126
47 35
53 10
67 7
73 67
258 2
493 3
529 3
532 4
902 1
903 1
1079 3
1354 1
###########
0 1
1 1
2 64
3 321
4 542
7 112
13 63
22 129
24 32
57 78
209 6
348 4
409 6
1359 1
###########
0 1
1 1
2 584
3 694
9 43
74 41
1364 1
###########
0 1
1 1
2 548
3 273
4 365
17 16
37 27
57 74
94 62
912 1
913 1
1369 1
###########
0 1
1 1
2 102
3 1133
8 101
114 36
1374 1
###########
0 1
1 1
2 432
4 172
7 660
44 24
52 89
1379 1
###########
0 1
1 1
2 509
3 248
4 90
7 194
8 7
14 123
34 39
58 104
59 18
119 9
147 7
184 7
397 12
523 13
922 1
923 1
1384 1
###########
0 1
1 1
2 146
3 80
4 1109
12 27
88 25
1389 1
###########
0 1
1 1
2 381
3 599
4 291
29 112
544 3
994 6
1394 1
###########
0 1
1 1
2 569
3 7
4 179
7 271
8 206
24 78
39 13
54 42
57 6
267 2
372 7
523 12
932 1
933 1
994 3
1399 1
###########
0 1
1 1
2 1315
12 37
14 20
29 10
112 11
278 5
489 2
1099 2
1404 1
###########
0 1
1 1
2 232
3 647
7 467
103 58
513 3
1409 1
###########
0 1
1 1
2 34
3 48
4 17
7 45
8 377
9 95
13 75
14 242
19 35
22 97
37 79
47 31
52 32
53 14
57 46
82 75
98 14
114 35
304 14
314 5
942 1
943 1
1414 1
###########
0 1
1 1
2 913
8 489
49 6
203 4
437 5
1419 1
###########
0 1
1 1
2 305
3 352
4 125
7 441
12 51
48 109
78 23
173 5
192 9
1114 2
1424 1
###########
0 1
1 1
2 499
3 42
4 92
7 134
19 156
27 16
29 194
43 19
48 174
98 3
124 73
159 16
272 2
273 2
342 3
952 1
953 1
1429 1
###########
0 1
1 1
2 291
3 121
4 254
7 162
17 331
19 119
27 33
37 90
39 21
99 10
1434 1
###########
0 1
1 1
2 104
3 221
4 577
8 60
9 76
19 159
37 100
42 61
87 16
202 19
322 44
1439 1
###########
0 1
1 1
2 750
4 207
7 229
8 42
23 61
43 14
63 69
68 13
119 25
163 30
962 1
963 1
1444 1
###########
0 1
1 1
2 612
9 735
13 25
34 18
48 51
224 4
504 2
1449 1
###########
0 1
1 1
2 1372
24 12
77 49
123 19
1454 1
###########
0 1
1 1
2 110
3 679
4 207
8 31
19 23
23 17
24 57
28 78
32 62
34 80
58 22
67 48
117 13
118 26
278 2
972 1
973 1
1459 1
###########
0 1
1 1
2 1325
87 61
117 42
138 6
159 6
164 14
533 3
558 5
1464 1
###########
0 1
1 1
2 215
3 568
7 578
12 102
377 4
1469 1
###########
0 1
1 1
2 541
4 428
8 83
9 146
32 95
63 80
142 32
169 23
233 26
294 10
439 3
982 1
983 1
1174 3
1474 1
###########
0 1
1 1
2 314
3 537
4 160
8 220
27 197
29 12
114 37
1479 1
###########
0 1
1 1
2 377
3 434
14 173
19 424
33 22
112 11
179 37
452 4
1484 1
###########
0 1
1 1
2 652
3 178
4 312
7 61
12 121
13 62
82 44
102 3
144 23
167 10
217 12
319 4
357 3
992 1
993 1
1489 1
###########
0 1
1 1
2 1394
3 17
52 74
57 7
1494 1
###########
0 1
1 1
2 87
3 1276
29 24
34 103
148 7
1499 1
###########
0 1
1 1
2 14
3 767
4 489
23 200
177 18
178 7
287 2
1002 1
1003 1
1069 3
1504 1
###########
0 1
1 1
2 715
3 119
12 134
18 513
88 11
387 4
429 11
1509 1
###########
0 1
1 1
2 448
3 381
4 640
63 43
1514 1
###########
0 1
1 1
2 265
3 746
4 258
19 65
58 170
529 2
553 3
1012 1
1013 1
1039 4
1189 2
1519 1
###########
0 1
1 1
2 790
7 567
18 95
32 20
44 30
213 20
1524 1
###########
0 1
1 1
2 829
3 214
7 169
8 186
27 12
52 97
303 5
318 8
429 7
1529 1
###########
0 1
1 1
2 1018
4 22
7 312
13 31
22 71
73 26
133 42
292 2
293 2
484 4
1022 1
1023 1
1534 1
###########
0 1
1 1
2 1227
7 65
14 148
29 95
1204 2
1539 1
###########
0 1
1 1
2 1359
23 158
53 16
153 9
1544 1
###########
0 1
1 1
2 69
4 225
7 133
8 158
9 264
14 21
17 5
18 427
19 118
22 19
57 5
93 43
117 5
143 4
157 5
158 25
223 9
307 5
407 5
1032 1
1033 1
1549 1
###########
0 1
1 1
2 213
3 291
4 583
12 129
14 310
63 26
1554 1
###########
0 1
1 1
2 1495
62 18
83 30
129 11
609 3
1559 1
###########
0 1
1 1
2 366
4 149
12 263
13 308
14 150
29 58
43 19
44 13
47 36
52 26
83 17
87 90
99 48
208 13
298 2
544 2
1042 1
1043 1
1564 1
###########
0 1
1 1
2 1109
3 132
9 156
63 42
67 112
302 12
402 4
1569 1
###########
0 1
1 1
2 211
4 687
7 270
9 171
28 178
43 43
209 3
469 3
573 3
1119 3
1574 1
###########
0 1
1 1
2 291
3 184
4 58
7 66
9 250
13 75
17 195
19 292
27 8
53 95
63 21
79 21
108 3
378 3
382 13
1052 1
1053 1
1579 1
###########
0 1
1 1
2 1156
9 279
22 55
58 23
149 40
183 29
1584 1
###########
0 1
1 1
2 1290
9 128
27 112
29 48
557 9
1589 1
###########
0 1
1 1
2 526
4 16
7 63
12 24
13 148
17 347
23 40
28 132
33 124
34 87
49 71
628 12
1062 1
1063 1
1594 1
###########
0 1
1 1
2 1446
8 73
37 32
54 43
624 3
1599 1
###########
0 1
1 1
2 10
3 263
4 1055
8 27
33 233
64 14
1604 1
###########
0 1
1 1
2 643
4 96
7 234
9 11
14 23
17 184
23 26
43 4
48 69
73 53
77 23
83 65
88 50
94 46
134 16
148 4
169 25
227 11
238 16
307 2
412 4
1072 1
1073 1
1609 1
###########
0 1
1 1
2 224
3 52
4 1306
32 30
1614 1
###########
0 1
1 1
2 539
3 589
7 204
19 147
32 45
49 88
602 5
1619 1
###########
0 1
1 1
2 727
4 450
8 72
39 65
44 187
63 12
64 17
73 22
82 23
94 9
143 17
157 19
1082 1
1083 1
1624 1
###########
0 1
1 1
2 656
3 930
57 33
139 5
593 3
1629 1
###########
0 1
1 1
2 1317
4 257
8 16
88 14
147 12
398 12
569 2
1279 2
1634 1
###########
0 1
1 1
2 524
3 322
4 209
12 162
18 72
22 241
49 67
112 3
113 3
139 8
312 2
313 2
392 3
393 3
397 14
1092 1
1093 1
1639 1
###########
0 1
1 1
2 966
3 117
8 332
12 155
24 62
68 10
1644 1
###########
0 1
1 1
2 1592
72 27
84 28
1649 1
###########
0 1
1 1
2 696
4 121
7 92
8 182
13 301
24 105
29 91
67 6
94 18
129 19
152 4
153 4
232 9
1102 1
1103 1
1294 2
1654 1
###########
0 1
1 1
2 1557
3 58
9 17
129 8
174 17
1659 1
###########
0 1
1 1
2 1617
117 7
127 7
233 18
404 6
443 7
1664 1
###########
0 1
1 1
2 700
4 241
7 52
12 312
19 19
29 88
34 171
49 15
67 25
132 8
232 12
259 20
318 2
1112 1
1113 1
1669 1
###########
0 1
1 1
2 112
3 754
7 376
19 143
28 112
29 128
42 20
132 27
1674 1
###########
0 1
1 1
2 1481
13 176
68 11
187 7
584 2
1679 1
###########
0 1
1 1
2 227
4 216
7 135
8 205
9 64
12 517
13 108
17 27
23 41
43 16
59 10
73 73
189 7
258 23
454 8
613 3
1122 1
1123 1
1684 1
###########
0 1
1 1
2 1029
4 106
22 535
322 12
459 5
1689 1
###########
0 1
1 1
2 290
3 1077
8 20
13 200
62 102
224 3
1694 1
###########
0 1
1 1
2 206
3 383
4 34
7 434
8 378
17 112
19 14
37 11
52 32
117 3
124 35
157 4
212 36
258 10
407 3
1132 1
1133 1
1699 1
###########
0 1
1 1
2 40
3 606
4 996
33 60
1704 1
###########
0 1
1 1
2 1029
3 57
4 316
8 219
22 18
43 21
69 27
427 12
479 8
1709 1
###########
0 1
1 1
2 919
4 34
7 431
14 24
19 64
29 51
43 41
59 110
147 34
327 2
1142 1
1143 1
1714 1
###########
0 1
1 1
2 1717
1719 1
###########
0 1
1 1
2 927
4 97
7 417
13 250
43 13
248 18
1724 1
###########
0 1
1 1
2 176
3 95
4 233
9 751
13 332
44 70
84 50
352 9
549 9
1152 1
1153 1
1729 1
###########
0 1
1 1
2 420
3 265
4 272
14 373
23 169
27 152
94 71
209 10
1734 1
###########
0 1
1 1
2 361
3 582
4 755
14 36
633 3
1739 1
###########
0 1
1 1
2 839
3 79
4 507
14 196
84 13
88 32
169 40
332 2
333 2
359 8
374 9
453 13
1162 1
1163 1
1744 1
###########
0 1
1 1
2 530
3 649
17 105
24 446
179 13
609 2
1369 2
1749 1
###########
0 1
1 1
2 856
3 43
9 68
14 430
18 165
44 105
79 14
83 7
88 22
128 16
263 19
424 7
1754 1
###########
0 1
1 1
2 57
3 801
4 410
7 175
12 10
23 63
32 36
42 175
132 5
162 4
254 9
348 5
1172 1
1173 1
1209 5
1759 1
###########
0 1
1 1
2 636
3 1087
32 36
689 3
1764 1
###########
0 1
1 1
2 230
3 269
4 1142
13 58
109 44
379 4
388 7
503 11
1384 2
1769 1
###########
0 1
1 1
2 156
3 85
4 322
8 600
12 221
13 222
22 45
44 48
74 9
144 35
243 25
338 2
1182 1
1183 1
1774 1
###########
0 1
1 1
2 1666
17 75
49 11
138 11
268 14
1779 1
###########
0 1
1 1
2 95
3 793
7 197
13 631
29 33
67 11
498 9
712 13
1784 1
###########
0 1
1 1
2 1161
4 214
7 275
64 24
67 55
79 26
113 24
123 3
428 3
1192 1
1193 1
1789 1
###########
0 1
1 1
2 180
3 1291
18 100
48 61
58 85
59 22
214 9
253 23
378 7
548 9
624 2
653 3
1794 1
###########
0 1
1 1
2 1466
4 260
23 12
29 55
548 4
1799 1
###########
0 1
1 1
2 56
3 573
4 388
12 279
19 165
58 37
63 259
108 30
217 10
704 3
1202 1
1203 1
1804 1
###########
0 1
1 1
2 1107
3 254
8 109
29 138
78 78
84 97
137 14
183 5
358 5
1809 1
###########
0 1
1 1
2 1685
19 24
22 34
23 69
1814 1
###########
0 1
1 1
2 961
4 203
7 221
9 26
19 106
23 155
79 19
109 55
153 57
159 10
347 2
1212 1
1213 1
1819 1
###########
0 1
1 1
2 410
3 681
7 542
12 133
89 26
139 30
1824 1
###########
0 1
1 1
2 1200
9 161
32 321
43 112
139 24
374 6
544 3
1829 1
###########
0 1
1 1
2 1065
4 294
12 23
19 11
28 130
32 133
37 61
73 20
94 48
109 45
1222 1
1223 1
1834 1
###########
0 1
1 1
2 599
3 339
4 861
12 26
92 12
1839 1
###########
0 1
1 1
2 667
3 805
4 283
42 6
84 13
98 36
199 28
473 4
1844 1
###########
0 1
1 1
2 858
4 403
13 200
14 114
23 65
29 131
59 18
83 32
127 3
212 7
352 2
353 2
443 3
673 3
1232 1
1233 1
1264 4
1849 1
###########
0 1
1 1
2 505
9 883
24 417
157 8
258 27
363 12
1854 1
###########
0 1
1 1
2 314
3 1393
12 8
63 130
449 12
1859 1
###########
0 1
1 1
2 204
4 557
8 433
12 86
18 421
37 38
47 65
144 27
289 4
414 5
589 4
649 2
709 4
733 4
1242 1
1243 1
1339 4
1459 2
1864 1
###########
0 1
1 1
2 1020
7 720
9 94
68 29
744 4
1869 1
###########
0 1
1 1
2 1382
23 239
32 175
73 56
212 12
393 8
1874 1
###########
0 1
1 1
2 649
4 309
7 121
12 235
13 188
23 346
59 21
268 4
358 2
1252 1
1253 1
1879 1
###########
0 1
1 1
2 366
3 600
9 433
14 268
29 46
44 44
58 17
132 67
204 6
264 29
483 4
1474 2
1884 1
###########
0 1
1 1
2 1710
7 139
18 13
32 15
422 10
1889 1
###########
0 1
1 1
2 969
4 545
8 255
43 48
94 24
198 29
409 13
663 7
1262 1
1263 1
1894 1
###########
0 1
1 1
2 1465
7 87
19 144
28 124
63 22
109 47
693 8
1899 1
###########
0 1
1 1
2 870
3 696
13 102
18 77
38 85
53 64
192 5
693 3
1904 1
###########
0 1
1 1
2 92
3 680
4 486
9 460
19 110
79 31
188 39
538 5
664 2
1272 1
1273 1
1909 1
###########
0 1
1 1
2 1261
3 651
1914 1
###########
0 1
1 1
2 1548
9 323
28 37
254 3
759 6
1919 1
###########
0 1
1 1
2 1091
4 552
22 14
23 54
32 8
33 8
34 60
73 11
92 36
149 47
152 8
153 8
367 2
548 7
719 9
758 5
1282 1
1283 1
1924 1
###########
0 1
1 1
2 927
9 983
238 7
574 3
617 7
1929 1
###########
0 1
1 1
2 1440
3 359
34 16
54 96
134 18
1374 3
1934 1
###########
0 1
1 1
2 916
4 601
14 136
28 6
29 154
78 6
83 56
137 16
142 25
203 6
262 13
1292 1
1293 1
1939 1
###########
0 1
1 1
2 692
3 870
32 241
112 59
162 76
498 4
1944 1
###########
0 1
1 1
2 808
3 869
14 66
28 136
109 68
1949 1
###########
0 1
1 1
2 649
3 117
4 490
7 15
23 199
29 309
67 41
82 11
94 58
109 6
157 23
219 18
259 3
372 2
373 2
1302 1
1303 1
1404 7
1954 1
###########
0 1
1 1
2 114
3 505
12 842
13 248
27 88
77 76
202 74
713 3
752 7
1959 1
###########
0 1
1 1
2 513
3 943
4 265
13 109
23 46
164 37
173 43
732 6
1964 1
###########
0 1
1 1
2 520
3 322
4 314
7 321
14 377
24 60
64 9
137 29
538 7
769 3
1312 1
1313 1
1569 3
1969 1
###########
0 1
1 1
2 1373
7 56
8 373
12 170
1974 1
###########
0 1
1 1
2 612
4 1103
24 185
74 13
77 60
689 2
1549 2
1979 1
###########
0 1
1 1
2 1256
4 137
7 286
44 7
53 4
124 169
137 20
153 12
183 4
229 30
289 20
378 2
387 15
508 4
634 10
754 4
1322 1
1323 1
1984 1
###########
0 1
1 1
2 1890
32 89
403 8
1989 1
###########
0 1
1 1
2 32
3 1945
244 9
787 6
1994 1
###########
0 1
1 1
2 631
4 333
12 476
18 22
28 225
34 10
39 92
58 50
113 38
122 52
169 28
277 16
314 10
1332 1
1333 1
1374 10
1564 2
1999 1
###########
0 1
1 1
2 38
3 1528
4 232
9 52
22 87
129 7
192 30
243 5
418 6
629 7
1379 7
1424 3
2004 1
###########
0 1
1 1
2 1037
9 179
13 665
27 52
34 63
317 8
784 3
2009 1
###########
0 1
1 1
2 668
3 390
4 640
12 28
38 81
57 59
62 11
138 3
149 33
162 11
174 26
178 26
179 22
482 3
733 3
804 6
1342 1
1343 1
2014 1
###########
0 1
1 1
2 168
3 538
4 833
12 377
22 28
88 40
153 33
2019 1
###########
0 1
1 1
2 95
3 1361
4 406
39 65
94 5
98 16
109 27
124 9
533 10
557 22
564 4
704 2
2024 1
###########
0 1
1 1
2 140
3 1007
4 424
13 172
32 191
34 55
73 24
387 2
504 10
1352 1
1353 1
2029 1
###########
0 1
1 1
2 489
3 1179
4 124
7 186
128 45
257 9
2034 1
###########
0 1
1 1
2 871
3 973
38 30
39 100
42 34
112 22
143 7
2039 1
###########
0 1
1 1
2 11
3 1275
4 222
7 111
9 60
34 42
37 27
43 95
49 168
188 4
202 14
218 11
1362 1
1363 1
2044 1
###########
0 1
1 1
2 1851
17 108
22 58
53 25
284 5
2049 1
###########
0 1
1 1
2 1516
13 186
17 229
32 38
144 50
224 11
307 16
652 6
2054 1
###########
0 1
1 1
2 886
4 422
14 481
22 194
28 24
103 40
392 2
393 2
574 4
1372 1
1373 1
2059 1
###########
0 1
1 1
2 1662
7 115
19 276
307 9
2064 1
###########
0 1
1 1
2 1040
3 17
4 653
19 305
28 23
33 26
753 3
2069 1
###########
0 1
1 1
2 1344
4 629
79 21
142 3
169 37
234 23
464 10
497 3
1382 1
1383 1
2074 1
###########
0 1
1 1
2 324
3 1571
14 126
129 5
247 13
289 5
599 15
619 3
649 5
793 5
1429 5
2079 1
###########
0 1
1 1
2 1209
3 535
14 255
69 22
89 47
238 14
2084 1
###########
0 1
1 1
2 162
3 1011
4 363
12 59
13 280
68 110
74 40
169 14
192 4
193 4
232 24
307 5
398 2
1392 1
1393 1
1429 4
1664 3
2089 1
###########
0 1
1 1
2 1368
8 26
17 435
23 186
103 30
212 33
469 6
537 4
729 2
1639 2
2094 1
###########
0 1
1 1
2 339
4 778
7 365
18 545
43 45
322 19
573 6
2099 1
###########
0 1
1 1
2 947
4 646
22 5
23 408
67 22
77 5
107 26
157 21
158 5
213 5
417 5
553 5
1402 1
1403 1
2104 1
###########
0 1
1 1
2 2064
98 18
183 12
297 10
1499 3
2109 1
###########
0 1
1 1
2 44
3 409
4 397
7 546
9 354
12 333
409 27
1654 2
2114 1
###########
0 1
1 1
2 782
4 245
7 65
8 542
12 25
13 109
14 47
19 105
34 145
52 13
147 14
253 12
517 11
1412 1
1413 1
2119 1
###########
0 1
1 1
2 631
3 138
4 717
13 261
14 118
28 92
43 30
53 79
68 17
178 18
209 6
462 5
773 3
848 7
2124 1
###########
0 1
1 1
2 274
3 727
4 280
12 560
32 172
37 84
167 30
2129 1
###########
0 1
1 1
2 95
3 1053
4 227
7 210
24 138
28 256
32 8
33 109
57 4
173 8
197 4
238 12
407 2
547 4
1422 1
1423 1
2134 1
###########
0 1
1 1
2 699
3 386
4 720
8 40
13 30
14 219
78 35
119 6
744 2
2139 1
###########
0 1
1 1
2 805
4 1286
79 44
273 7
2144 1
###########
0 1
1 1
2 215
3 1216
4 268
13 301
37 133
187 6
448 6
1432 1
1433 1
2149 1
###########
0 1
1 1
2 1012
7 306
9 92
12 171
14 540
77 11
427 16
657 4
2154 1
###########
0 1
1 1
2 2065
34 25
53 35
329 28
334 4
2159 1
###########
0 1
1 1
2 571
4 100
7 531
8 112
17 239
23 5
24 433
39 56
49 20
52 54
107 14
148 3
163 5
412 2
413 2
428 5
518 3
568 5
1442 1
1443 1
2164 1
###########
0 1
1 1
2 2143
98 10
347 14
2169 1
###########
0 1
1 1
2 1504
4 485
13 78
42 29
47 47
313 11
459 15
849 3
2174 1
###########
0 1
1 1
2 398
3 999
4 665
7 30
13 17
47 46
173 8
289 3
649 3
793 3
1452 1
1453 1
1549 3
2179 1
###########
0 1
1 1
2 1202
9 952
134 7
154 21
2184 1
###########
0 1
1 1
2 1984
13 134
39 9
192 41
322 11
339 4
469 4
2189 1
###########
0 1
1 1
2 307
3 369
4 540
8 289
12 283
19 116
33 25
58 4
63 131
88 6
97 15
197 31
202 4
212 21
244 38
418 2
562 4
684 5
1462 1
1463 1
2194 1
###########
0 1
1 1
2 50
3 963
7 155
8 726
9 268
222 5
237 30
2199 1
###########
0 1
1 1
2 1903
9 84
23 89
24 46
37 74
107 6
2204 1
###########
0 1
1 1
2 1190
4 56
8 197
13 564
24 36
72 40
79 75
97 36
769 2
834 7
1472 1
1473 1
1729 2
2209 1
###########
0 1
1 1
2 613
3 655
4 77
7 194
8 493
48 97
73 15
87 33
259 4
264 21
689 7
864 3
2214 1
###########
0 1
1 1
2 1212
3 990
97 15
2219 1
###########
0 1
1 1
2 749
4 668
9 541
28 12
29 38
32 6
33 6
67 6
69 48
104 60
152 3
153 3
169 34
228 12
232 6
233 6
238 10
447 6
532 3
533 3
1482 1
1483 1
2224 1
###########
0 1
1 1
2 1018
4 771
12 51
14 348
244 33
1524 4
1744 2
2229 1
###########
0 1
1 1
2 272
3 816
7 503
9 285
18 222
32 64
43 23
53 29
572 4
573 4
589 7
813 3
2234 1
###########
0 1
1 1
2 1211
3 258
4 383
7 310
28 39
67 10
168 11
212 11
427 2
1492 1
1493 1
2239 1
###########
0 1
1 1
2 1951
7 39
9 44
17 116
38 73
78 7
227 5
272 7
2244 1
###########
0 1
1 1
2 1457
14 242
27 548
2249 1
###########
0 1
1 1
2 1386
4 399
17 52
19 33
22 68
34 242
244 6
329 57
784 2
888 5
1502 1
1503 1
2254 1
###########
0 1
1 1
2 888
3 695
4 247
18 214
32 29
38 71
54 82
123 24
158 7
2259 1
###########
0 1
1 1
2 1260
4 1002
2264 1
###########
0 1
1 1
2 1106
4 431
33 120
34 157
38 8
49 146
53 270
313 18
432 2
433 2
792 5
1512 1
1513 1
2269 1
###########
0 1
1 1
2 1670
3 471
7 84
9 9
124 21
244 7
583 4
624 6
2274 1
###########
0 1
1 1
2 1616
12 492
52 56
54 36
78 77
2279 1
###########
0 1
1 1
2 680
4 133
7 615
12 541
33 188
47 100
157 3
277 5
479 12
547 3
1522 1
1523 1
2284 1
###########
0 1
1 1
2 966
4 808
8 284
33 70
48 59
64 97
833 3
2289 1
###########
0 1
1 1
2 1711
4 454
54 34
84 75
158 8
642 10
2294 1
###########
0 1
1 1
2 954
3 548
4 678
7 57
93 6
124 27
287 20
304 3
438 2
1532 1
1533 1
2299 1
###########
0 1
1 1
2 1781
4 364
27 90
48 20
57 8
89 19
114 12
277 8
2304 1
###########
0 1
1 1
2 940
7 738
8 71
14 254
18 212
23 85
224 7
2309 1
###########
0 1
1 1
2 59
3 958
4 359
8 419
13 214
39 61
49 47
58 124
102 21
504 8
508 25
558 15
1542 1
1543 1
2314 1
###########
0 1
1 1
2 1756
17 207
43 16
48 61
49 198
132 59
194 20
2319 1
###########
0 1
1 1
2 1471
8 117
14 193
19 293
28 166
89 18
143 44
144 16
809 2
1819 2
2324 1
###########
0 1
1 1
2 691
3 472
4 514
7 223
9 335
53 53
247 20
268 10
283 7
1552 1
1553 1
2329 1
###########
0 1
1 1
2 2225
18 64
82 10
248 8
462 5
473 8
562 8
598 4
2334 1
###########
0 1
1 1
2 1800
13 48
17 248
37 235
822 6
2339 1
###########
0 1
1 1
2 102
3 979
4 73
13 267
14 89
19 197
28 161
33 345
57 20
67 37
73 23
87 14
124 7
254 9
292 10
447 2
853 3
1562 1
1563 1
1834 2
2344 1
###########
0 1
1 1
2 696
8 1472
43 22
114 91
117 47
293 15
868 4
2349 1
###########
0 1
1 1
2 309
3 1710
17 55
22 119
48 116
52 43
2354 1
###########
0 1
1 1
2 334
3 1038
4 514
14 18
32 112
49 227
63 63
79 17
112 17
148 9
888 6
1572 1
1573 1
2359 1
###########
0 1
1 1
2 245
3 100
4 118
8 1079
12 771
44 49
2364 1
###########
0 1
1 1
2 1028
4 968
8 363
187 6
824 2
2369 1
###########
0 1
1 1
2 362
3 111
4 574
7 132
8 186
9 498
12 88
14 283
43 77
63 4
93 15
163 3
234 8
347 18
452 2
453 2
568 3
608 4
1582 1
1583 1
2374 1
###########
0 1
1 1
2 97
3 1098
4 1152
24 27
929 3
2379 1
###########
0 1
1 1
2 1971
17 182
29 30
42 121
44 23
82 12
99 38
887 5
2384 1
###########
0 1
1 1
2 337
3 1108
4 551
7 198
14 86
29 16
49 42
124 4
194 23
329 6
593 14
1592 1
1593 1
2389 1
###########
0 1
1 1
2 2226
47 109
103 49
574 8
2394 1
###########
0 1
1 1
2 666
3 290
4 974
14 372
33 75
204 17
873 3
2399 1
###########
0 1
1 1
2 1545
4 799
9 54
458 2
1602 1
1603 1
2404 1
###########
0 1
1 1
2 770
3 1312
17 166
97 99
247 48
597 7
654 5
2409 1
###########
0 1
1 1
2 262
4 365
7 561
8 1078
37 33
122 94
483 15
892 4
2414 1
###########
0 1
1 1
2 536
3 1060
4 746
13 54
223 4
467 12
944 3
1612 1
1613 1
2419 1
###########
0 1
1 1
2 718
3 501
4 506
7 136
18 13
23 145
24 197
32 100
44 16
93 30
132 8
197 36
269 5
323 11
2424 1
###########
0 1
1 1
2 1547
4 198
7 480
13 194
264 8
2429 1
###########
0 1
1 1
2 879
3 623
4 464
7 243
58 30
102 76
147 23
154 14
167 3
184 49
278 16
583 3
679 4
724 3
1622 1
1623 1
2434 1
###########
0 1
1 1
2 1494
3 271
9 61
23 131
32 106
33 44
44 67
74 54
118 52
122 142
364 11
849 2
1909 2
2439 1
###########
0 1
1 1
2 2148
14 35
44 205
52 54
2444 1
###########
0 1
1 1
2 944
3 490
4 61
7 527
13 65
59 181
92 7
94 125
154 36
197 7
467 2
1632 1
1633 1
2449 1
###########
0 1
1 1
2 1681
3 513
9 7
63 151
98 72
258 18
474 7
893 3
2454 1
###########
0 1
1 1
2 989
4 684
12 707
32 65
248 5
487 5
1924 2
2459 1
###########
0 1
1 1
2 34
3 512
4 130
7 67
8 47
9 863
13 272
19 343
53 75
87 86
139 7
474 24
1642 1
1643 1
2464 1
###########
0 1
1 1
2 1727
3 483
13 91
37 92
103 17
129 4
289 4
353 4
529 4
542 14
544 11
689 4
753 4
913 4
1689 4
2469 1
###########
0 1
1 1
2 1148
4 1099
42 26
78 13
84 32
98 84
214 27
253 43
2474 1
###########
0 1
1 1
2 151
3 1099
4 202
8 121
13 409
19 7
22 134
24 227
33 12
67 12
94 20
138 9
172 13
204 8
228 4
342 9
367 13
472 2
473 2
532 13
654 8
1652 1
1653 1
2479 1
###########
0 1
1 1
2 2018
13 149
44 156
89 131
127 18
384 4
637 4
864 2
2484 1
###########
0 1
1 1
2 2314
9 53
94 39
103 16
179 65
2489 1
###########
0 1
1 1
2 726
4 736
9 772
17 124
34 43
103 50
123 28
948 11
1662 1
1663 1
2494 1
###########
0 1
1 1
2 721
4 1437
19 313
178 16
293 10
2499 1
###########
0 1
1 1
2 1228
3 290
9 351
22 24
33 139
47 234
94 222
129 14
2504 1
###########
0 1
1 1
2 719
4 474
7 335
8 825
37 6
69 116
224 11
262 6
478 2
913 3
958 8
1672 1
1673 1
2509 1
###########
0 1
1 1
2 968
3 1508
88 10
154 9
352 10
614 7
2514 1
###########
0 1
1 1
2 774
4 1583
28 44
39 110
314 6
2519 1
###########
0 1
1 1
2 687
4 723
8 455
12 70
14 433
37 89
67 4
93 22
232 4
233 4
334 3
394 17
647 4
962 5
1682 1
1683 1
2524 1
###########
0 1
1 1
2 291
3 1937
8 299
2529 1
###########
0 1
1 1
2 1117
3 708
19 647
47 53
754 3
937 4
2534 1
###########
0 1
1 1
2 486
3 109
4 451
7 238
8 781
17 86
19 56
27 5
88 14
92 5
99 58
104 82
107 17
142 27
147 44
184 43
257 5
293 13
667 5
709 7
1692 1
1693 1
1804 3
2539 1
###########
0 1
1 1
2 1272
3 802
7 108
8 360
2544 1
###########
0 1
1 1
2 1429
3 41
13 812
24 49
28 116
29 52
229 25
557 16
697 7
2549 1
###########
0 1
1 1
2 215
3 1478
4 146
7 188
13 408
19 90
103 6
393 8
487 2
889 2
1018 5
1702 1
1703 1
1999 2
2554 1
###########
0 1
1 1
2 705
3 1090
8 506
13 128
48 116
339 3
947 9
2559 1
###########
0 1
1 1
2 1419
3 388
4 195
17 259
23 269
102 16
104 13
933 3
2564 1
###########
0 1
1 1
2 1441
4 455
7 302
14 35
29 150
43 60
123 32
127 12
149 29
237 4
252 19
253 22
367 4
1712 1
1713 1
2569 1
###########
0 1
1 1
2 2001
12 356
97 84
127 84
263 15
374 23
689 7
2014 2
2574 1
###########
0 1
1 1
2 1524
8 259
14 766
134 4
639 9
743 8
1019 7
2579 1
###########
0 1
1 1
2 160
3 1377
4 845
68 4
87 106
99 49
279 14
492 2
493 2
529 6
662 4
902 5
1009 3
1722 1
1723 1
2059 3
2584 1
###########
0 1
1 1
2 1947
3 440
4 152
32 27
104 21
2589 1
###########
0 1
1 1
2 491
3 2015
18 71
402 15
2594 1
###########
0 1
1 1
2 1549
4 131
7 562
28 96
42 161
73 67
178 3
299 13
573 8
622 3
904 2
1732 1
1733 1
2599 1
###########
0 1
1 1
2 1644
3 294
8 546
9 28
43 18
118 18
123 14
137 40
2604 1
###########
0 1
1 1
2 1768
4 29
8 77
14 23
23 236
24 320
83 51
113 100
1854 3
2609 1
###########
0 1
1 1
2 1467
4 606
7 177
9 27
13 24
18 10
34 24
38 10
44 116
53 60
73 29
119 48
268 10
498 2
1742 1
1743 1
2614 1
###########
0 1
1 1
2 2540
27 74
953 3
2619 1
###########
0 1
1 1
2 2166
4 59
9 162
37 41
53 17
87 73
92 35
158 15
199 20
244 27
672 4
1024 3
2624 1
###########
0 1
1 1
2 800
3 167
4 874
9 734
54 28
62 18
242 4
1752 1
1753 1
2629 1
###########
0 1
1 1
2 1049
3 1505
38 72
837 6
2634 1
###########
0 1
1 1
2 1698
14 273
17 284
18 255
73 127
2639 1
###########
0 1
1 1
2 1730
4 277
13 91
19 295
28 108
38 17
52 108
74 14
1762 1
1763 1
2644 1
###########
0 1
1 1
2 860
3 958
9 152
27 481
47 160
53 28
324 8
2649 1
###########
0 1
1 1
2 2298
3 220
73 128
729 6
2654 1
###########
0 1
1 1
2 43
3 246
4 320
7 459
8 1270
33 74
62 67
73 68
99 53
123 12
182 3
319 28
507 2
637 3
688 7
1772 1
1773 1
2659 1
###########
0 1
1 1
2 110
3 1001
4 1130
7 275
103 130
239 16
2664 1
###########
0 1
1 1
2 1577
3 676
8 252
27 114
204 12
407 17
767 15
929 2
2089 2
2669 1
###########
0 1
1 1
2 1401
4 785
12 332
19 52
37 44
92 17
128 12
539 19
973 3
1782 1
1783 1
1924 5
2674 1
###########
0 1
1 1
2 706
4 1758
34 39
38 168
768 6
2679 1
###########
0 1
1 1
2 1808
3 450
8 284
49 22
53 91
533 19
799 3
998 5
2684 1
###########
0 1
1 1
2 1781
4 51
7 117
13 529
19 57
28 18
82 53
94 19
157 38
202 5
239 6
512 2
513 2
532 5
1792 1
1793 1
2104 2
2689 1
###########
0 1
1 1
2 1704
3 664
14 230
79 51
93 36
1819 7
2694 1
###########
0 1
1 1
2 1697
4 836
54 14
68 127
204 8
342 8
673 7
2699 1
###########
0 1
1 1
2 865
3 23
4 891
8 677
14 40
42 158
102 18
303 16
334 9
1802 1
1803 1
2154 3
2704 1
###########
0 1
1 1
2 1026
4 1360
13 126
27 47
73 107
102 29
137 12
2709 1
###########
0 1
1 1
2 1531
8 427
12 263
13 414
23 37
192 35
944 2
1929 3
2714 1
###########
0 1
1 1
2 251
3 1321
4 243
7 48
9 201
18 10
22 571
88 10
94 32
242 26
518 2
1812 1
1813 1
2719 1
###########
0 1
1 1
2 1319
4 545
7 454
14 94
18 304
237 6
2724 1
###########
0 1
1 1
2 2551
7 30
77 8
97 81
258 29
319 4
553 8
993 3
994 13
2729 1
###########
0 1
1 1
2 815
3 791
4 782
14 73
19 55
49 16
84 77
109 48
119 10
159 50
217 8
1822 1
1823 1
1949 5
2734 1
###########
0 1
1 1
2 710
7 1564
12 389
24 13
49 29
97 27
542 5
2739 1
###########
0 1
1 1
2 2367
37 319
109 39
329 17
2744 1
###########
0 1
1 1
2 352
3 326
4 20
7 80
9 136
13 700
17 763
18 193
19 103
77 42
188 3
427 9
548 11
658 3
1832 1
1833 1
1974 4
2749 1
###########
0 1
1 1
2 118
3 2442
4 156
149 18
203 13
278 5
2754 1
###########
0 1
1 1
2 1776
7 226
8 584
28 45
49 17
58 62
74 47
2759 1
###########
0 1
1 1
2 967
4 174
7 211
8 27
9 772
28 115
37 139
43 184
52 12
89 35
133 57
313 18
342 18
349 9
527 2
594 20
1842 1
1843 1
2764 1
###########
0 1
1 1
2 178
3 2038
13 336
28 175
69 6
142 15
153 19
2769 1
###########
0 1
1 1
2 950
3 1184
13 583
304 35
559 8
1037 12
2774 1
###########
0 1
1 1
2 1358
3 453
4 55
7 317
13 110
34 139
58 287
67 10
164 28
169 6
402 12
1852 1
1853 1
2779 1
###########
0 1
1 1
2 794
3 67
8 1003
18 704
62 171
297 27
369 3
829 3
969 2
1013 3
1979 3
2179 2
2784 1
###########
0 1
1 1
2 2037
3 86
4 571
47 74
347 8
1089 3
1107 8
2789 1
###########
0 1
1 1
2 1038
3 196
4 787
7 104
18 543
49 19
63 15
112 6
113 6
139 12
242 32
312 28
532 2
533 2
1862 1
1863 1
2794 1
###########
0 1
1 1
2 829
3 604
4 1223
13 43
109 27
118 28
229 34
283 5
1914 4
2799 1
###########
0 1
1 1
2 1288
7 734
8 175
12 253
24 73
29 81
43 43
139 13
158 118
319 14
767 8
2194 2
2804 1
###########
0 1
1 1
2 897
3 864
4 556
19 128
22 178
54 48
97 17
107 56
124 6
192 3
193 3
304 6
307 20
409 12
412 5
672 3
673 3
1872 1
1873 1
2809 1
###########
0 1
1 1
2 2378
13 44
18 272
49 19
54 89
168 10
2814 1
###########
0 1
1 1
2 654
4 151
7 1944
19 28
113 40
2819 1
###########
0 1
1 1
2 97
3 1373
4 801
7 112
24 239
47 66
57 24
104 56
297 26
352 20
538 2
604 4
1882 1
1883 1
2824 1
###########
0 1
1 1
2 1532
4 410
9 391
19 134
38 114
39 39
67 178
138 16
382 8
984 2
1104 3
2829 1
###########
0 1
1 1
2 679
4 1877
19 185
44 50
168 33
434 8
2834 1
###########
0 1
1 1
2 1349
3 429
4 510
19 256
27 12
28 122
47 30
132 31
178 48
333 8
338 9
433 6
633 6
809 6
993 6
1033 3
1892 1
1893 1
2039 4
2839 1
###########
0 1
1 1
2 1522
7 88
8 915
14 278
167 15
239 9
794 11
867 4
2844 1
###########
0 1
1 1
2 2550
48 260
54 37
2849 1
###########
0 1
1 1
2 472
4 949
8 433
14 179
24 399
29 319
72 73
252 12
263 4
363 10
1902 1
1903 1
2854 1
###########
0 1
1 1
2 1372
3 69
12 438
13 829
23 67
63 78
733 4
2859 1
###########
0 1
1 1
2 82
3 2459
14 295
347 5
633 9
634 12
2864 1
###########
0 1
1 1
2 481
3 510
4 163
12 690
13 254
19 447
38 35
43 22
48 77
84 13
87 49
88 54
197 3
312 17
329 19
432 14
547 2
589 12
687 3
1912 1
1913 1
2869 1
###########
0 1
1 1
2 1386
3 178
7 667
8 416
37 65
62 160
2874 1
###########
0 1
1 1
2 436
3 1351
12 178
24 43
32 285
37 221
43 314
153 22
453 27
2879 1
###########
0 1
1 1
2 690
3 136
4 944
8 941
47 137
48 8
228 8
229 16
1922 1
1923 1
2884 1
###########
0 1
1 1
2 533
3 2348
632 6
2889 1
###########
0 1
1 1
2 1337
3 396
4 960
7 168
43 9
307 9
567 10
1053 3
2894 1
###########
0 1
1 1
2 867
4 545
7 309
9 538
18 136
19 98
27 126
44 222
77 4
177 28
449 4
552 2
553 2
649 6
743 4
1009 2
1932 1
1933 1
2269 2
2899 1
###########
0 1
1 1
2 1417
3 366
12 389
18 482
28 48
102 68
109 17
144 104
384 3
864 8
2904 1
###########
0 1
1 1
2 2763
68 131
147 13
2909 1
###########
0 1
1 1
2 967
4 932
8 723
14 79
67 33
72 27
93 145
268 4
1942 1
1943 1
2914 1
###########
0 1
1 1
2 889
3 528
7 1033
14 215
24 6
32 33
49 143
62 16
88 27
349 25
2284 2
2919 1
###########
0 1
1 1
2 936
3 224
7 335
8 525
17 523
32 113
44 166
72 18
123 52
134 30
2924 1
###########
0 1
1 1
2 1141
4 644
7 184
17 64
18 188
29 94
39 94
47 283
57 28
88 82
92 7
178 54
298 7
308 31
418 4
558 2
617 18
1952 1
1953 1
2929 1
###########
0 1
1 1
2 2668
69 107
87 141
259 16
2934 1
###########
0 1
1 1
2 1859
13 730
28 297
144 35
337 16
2939 1
###########
0 1
1 1
2 317
3 1539
4 76
7 101
13 253
19 547
23 36
72 25
149 44
1024 2
1962 1
1963 1
2944 1
###########
0 1
1 1
2 2249
7 154
13 271
27 39
32 137
83 8
248 25
273 15
284 15
293 9
294 13
832 9
1073 3
2949 1
###########
0 1
1 1
2 509
3 2246
9 78
44 35
64 25
144 47
257 6
938 6
2954 1
###########
0 1
1 1
2 1213
4 806
8 679
22 92
58 58
78 4
112 24
203 3
209 52
272 4
273 4
708 3
758 4
934 4
938 5
1972 1
1973 1
2959 1
###########
0 1
1 1
2 2040
3 523
24 170
27 29
42 128
112 72
2964 1
###########
0 1
1 1
2 299
3 1292
8 925
9 371
48 39
104 22
663 19
2969 1
###########
0 1
1 1
2 448
3 499
4 157
7 191
8 264
9 510
13 256
19 54
22 203
42 71
44 174
109 43
228 12
238 76
567 2
769 10
1982 1
1983 1
2974 1
###########
0 1
1 1
2 1763
4 585
12 98
23 59
24 48
58 131
63 148
112 125
442 20
2979 1
###########
0 1
1 1
2 241
3 942
4 1115
8 385
47 40
54 63
63 127
74 35
263 30
349 4
2984 1
###########
0 1
1 1
2 436
3 1491
4 35
7 420
19 217
32 52
37 244
47 12
73 32
277 40
1192 6
1992 1
1993 1
2989 1
###########
0 1
1 1
2 2615
4 296
72 78
1169 3
2994 1
###########
0 1
1 1
2 1232
3 1184
4 269
9 203
39 62
98 10
228 7
398 13
654 7
657 6
768 4
2999 1
###########
0 1
1 1
2 576
4 484
7 92
8 711
12 368
13 213
33 75
47 27
52 146
59 12
83 142
99 73
139 57
277 4
572 2
573 2
903 13
1093 3
2002 1
2003 1
3004 1
###########
0 1
1 1
2 2411
18 285
39 70
43 198
123 43
3009 1
###########
0 1
1 1
2 2285
13 624
169 32
309 43
353 18
822 6
1049 2
2359 2
3014 1
###########
0 1
1 1
2 693
4 974
8 818
17 66
23 379
39 48
148 7
207 3
433 6
589 18
723 3
2012 1
2013 1
3019 1
###########
0 1
1 1
2 134
3 2279
12 590
182 19
3024 1
###########
0 1
1 1
2 2310
3 682
193 25
432 4
669 6
3029 1
###########
0 1
1 1
2 1259
3 379
4 162
7 265
13 215
22 209
27 16
29 166
34 45
38 166
52 13
64 67
122 6
257 24
319 31
578 2
1184 3
2022 1
2023 1
2374 2
3034 1
###########
0 1
1 1
2 659
4 340
7 196
8 986
19 41
23 558
29 204
52 24
607 9
789 17
904 3
3039 1
###########
0 1
1 1
2 507
3 549
4 31
8 138
12 1326
19 284
39 191
404 16
3044 1
###########
0 1
1 1
2 1926
4 247
7 378
13 168
14 72
52 179
54 14
94 22
247 16
428 19
1198 4
2032 1
2033 1
3049 1
###########
0 1
1 1
2 1136
4 146
8 1106
9 581
42 79
159 4
3054 1
###########
0 1
1 1
2 1013
3 643
4 411
8 584
9 165
28 155
37 62
412 14
954 5
1064 2
1113 3
3059 1
###########
0 1
1 1
2 1373
3 649
4 299
7 431
19 34
22 64
28 95
112 97
282 4
419 14
2042 1
2043 1
3064 1
###########
0 1
1 1
2 401
3 12
4 297
7 787
8 800
13 327
18 74
24 340
192 29
3069 1
###########
0 1
1 1
2 1182
3 444
4 1365
93 33
102 41
263 7
3074 1
###########
0 1
1 1
2 47
3 639
4 759
8 1330
13 186
22 11
39 26
124 45
412 5
469 10
587 2
589 8
1182 7
2052 1
2053 1
3079 1
###########
0 1
1 1
2 1285
8 1606
23 54
58 80
73 7
253 20
348 24
829 6
3084 1
###########
0 1
1 1
2 71
3 2435
13 16
22 131
39 368
74 27
99 13
174 17
257 9
3089 1
###########
0 1
1 1
2 2021
4 210
7 559
28 7
32 5
33 5
58 140
112 5
113 5
142 14
232 5
233 5
238 51
277 28
312 5
313 5
612 5
613 5
812 5
813 5
2062 1
2063 1
3094 1
###########
0 1
1 1
2 1542
3 187
9 206
13 956
19 206
3099 1
###########
0 1
1 1
2 2109
3 863
13 41
177 53
307 7
422 12
664 4
692 13
3104 1
###########
0 1
1 1
2 1631
4 698
7 152
8 9
9 325
43 47
48 21
52 98
64 5
82 4
129 44
133 9
174 25
218 9
247 9
433 11
592 2
593 2
797 4
2072 1
2073 1
3109 1
###########
0 1
1 1
2 2102
3 75
8 882
164 42
249 8
1133 3
3114 1
###########
0 1
1 1
2 2981
3 98
364 4
487 8
763 16
2244 5
2444 5
3119 1
###########
0 1
1 1
2 1810
4 222
7 279
13 519
39 110
63 31
83 75
297 42
673 14
1239 8
1249 5
2082 1
2083 1
2499 5
3124 1
###########
0 1
1 1
2 958
7 718
8 1218
13 187
97 31
414 3
1089 2
1249 8
2449 2
3129 1
###########
0 1
1 1
2 379
3 1057
4 148
7 1185
17 353
194 10
3134 1
###########
0 1
1 1
2 1041
4 172
7 803
17 265
18 229
23 497
49 18
94 33
137 37
174 6
193 13
598 2
934 3
993 11
1197 5
2092 1
2093 1
3139 1
###########
0 1
1 1
2 763
3 268
4 1627
13 177
34 149
142 51
144 91
194 5
637 8
2234 3
3144 1
###########
0 1
1 1
2 569
3 2272
4 69
12 135
89 32
318 21
344 43
807 4
2464 2
3149 1
###########
0 1
1 1
2 1979
4 193
7 206
13 129
22 178
24 11
34 181
37 163
72 47
264 12
269 12
444 39
2102 1
2103 1
3154 1
###########
0 1
1 1
2 1245
4 1733
14 41
17 49
187 48
322 10
327 21
963 4
964 6
3159 1
###########
0 1
1 1
2 2156
8 704
12 97
22 133
47 30
189 31
419 3
947 8
3164 1
###########
0 1
1 1
2 932
4 873
9 709
29 176
49 48
58 65
59 188
144 37
244 14
277 46
293 69
1153 3
2112 1
2113 1
2134 5
3169 1
###########
0 1
1 1
2 2505
4 391
18 181
24 73
243 20
1104 2
3174 1
###########
0 1
1 1
2 2453
3 289
7 405
174 26
2174 4
3179 1
###########
0 1
1 1
2 1489
4 847
7 176
9 353
12 132
29 51
84 72
123 9
128 9
218 3
247 26
607 2
709 8
762 3
2122 1
2123 1
3184 1
###########
0 1
1 1
2 747
3 1080
7 709
12 621
503 30
3189 1
###########
0 1
1 1
2 161
3 2698
24 96
69 18
78 8
79 146
144 61
494 4
3194 1
###########
0 1
1 1
2 1296
3 456
4 639
7 359
43 64
47 182
59 28
87 41
98 107
383 10
497 7
1249 3
2132 1
2133 1
2549 3
3199 1
###########
0 1
1 1
2 2551
3 376
22 71
42 132
58 16
177 36
479 13
639 7
3204 1
###########
0 1
1 1
2 2058
9 263
13 584
38 166
184 120
687 12
822 4
3209 1
###########
0 1
1 1
2 48
3 12
4 275
7 212
8 225
12 430
13 47
14 390
18 583
19 412
27 421
98 11
109 30
139 42
268 17
343 12
612 2
613 2
617 11
847 17
1028 8
2142 1
2143 1
2284 3
3214 1
###########
0 1
1 1
2 1926
4 501
7 307
9 248
44 103
89 42
112 10
187 71
994 9
3219 1
###########
0 1
1 1
2 205
3 2136
4 103
34 61
37 219
74 433
139 8
142 50
499 4
1173 3
3224 1
###########
0 1
1 1
2 1366
4 804
8 648
19 262
27 85
177 52
379 8
2152 1
2153 1
3229 1
###########
0 1
1 1
2 2970
7 232
277 21
413 9
3234 1
###########
0 1
1 1
2 876
3 2211
67 99
113 48
1264 3
3239 1
###########
0 1
1 1
2 150
3 1502
4 1023
14 191
24 95
39 67
53 19
58 14
82 26
87 28
159 18
222 3
272 23
282 50
473 9
493 13
618 2
777 3
1129 2
2162 1
2163 1
2539 2
3244 1
###########
0 1
1 1
2 1773
3 290
4 982
27 23
48 171
832 4
833 4
3249 1
###########
0 1
1 1
2 1485
8 895
9 753
62 48
154 65
874 6
3254 1
###########
0 1
1 1
2 2027
4 291
7 656
23 34
47 24
67 100
103 14
127 23
128 24
149 56
977 6
2172 1
2173 1
3259 1
###########
0 1
1 1
2 3193
4 9
198 8
208 14
248 7
664 22
868 7
2554 2
3264 1
###########
0 1
1 1
2 1799
3 1209
14 111
42 128
343 20
3269 1
###########
0 1
1 1
2 233
3 856
4 998
8 787
9 50
19 13
23 77
28 8
49 24
78 130
162 28
243 16
322 9
454 5
484 32
1287 4
2182 1
2183 1
3274 1
###########
0 1
1 1
2 74
3 2042
4 747
8 386
102 18
339 7
1193 3
3279 1
###########
0 1
1 1
2 918
3 1074
4 1006
24 93
32 101
112 90
3284 1
###########
0 1
1 1
2 138
3 1981
4 63
7 142
22 247
28 531
33 9
52 69
87 4
132 6
154 17
284 42
303 4
328 13
454 8
627 2
843 4
979 3
1144 2
2192 1
2193 1
3289 1
###########
0 1
1 1
2 2363
8 411
24 63
39 294
67 127
462 24
717 5
928 5
3294 1
###########
0 1
1 1
2 761
3 410
7 1264
9 599
27 171
58 81
232 11
3299 1
###########
0 1
1 1
2 837
3 1106
4 568
7 212
8 13
34 180
37 15
98 27
158 54
194 87
228 25
238 79
263 13
267 13
268 37
277 8
423 12
459 14
2202 1
2203 1
3304 1
###########
0 1
1 1
2 1262
4 941
9 973
69 5
72 12
182 69
227 45
3309 1
###########
0 1
1 1
2 169
3 2129
22 919
43 29
67 39
77 27
3314 1
###########
0 1
1 1
2 1150
3 39
4 1098
8 390
53 442
74 136
132 19
203 15
488 16
632 2
633 2
2212 1
2213 1
2359 3
2644 3
3319 1
###########
0 1
1 1
2 790
4 52
7 1491
8 707
22 199
38 23
184 6
272 35
278 14
2239 5
3324 1
###########
0 1
1 1
2 3173
44 48
117 13
168 84
314 9
3329 1
###########
0 1
1 1
2 1748
4 531
7 60
22 280
27 249
28 208
29 181
48 6
198 24
228 3
247 28
348 6
798 3
1213 3
2222 1
2223 1
3334 1
###########
0 1
1 1
2 577
3 2279
57 172
94 217
109 92
3339 1
###########
0 1
1 1
2 1219
3 748
4 649
9 433
18 224
22 16
128 19
129 34
3344 1
###########
0 1
1 1
2 2001
3 79
4 346
7 423
13 20
28 12
29 74
37 301
53 57
88 4
163 8
212 10
308 4
638 2
858 4
2232 1
2233 1
3349 1
###########
0 1
1 1
2 1911
18 866
22 446
78 83
253 26
418 20
3354 1
###########
0 1
1 1
2 1723
4 389
18 717
22 389
119 53
164 8
203 26
283 25
447 23
1169 2
2629 2
3359 1
###########
0 1
1 1
2 613
4 874
7 58
8 386
9 374
12 346
14 450
28 108
38 59
47 13
64 75
1279 4
2242 1
2243 1
3364 1
###########
0 1
1 1
2 854
4 2103
8 249
53 48
69 51
94 46
539 16
3369 1
###########
0 1
1 1
2 2379
3 40
13 312
22 429
69 10
74 181
394 4
499 17
3374 1
###########
0 1
1 1
2 1853
4 453
7 527
12 288
19 61
59 109
118 11
142 31
262 29
334 11
2252 1
2253 1
2644 2
3379 1
###########
0 1
1 1
2 1957
7 504
12 895
38 26
3384 1
###########
0 1
1 1
2 3054
7 89
13 27
62 157
139 39
342 5
449 3
868 4
1009 3
1233 3
2409 3
3389 1
###########
0 1
1 1
2 1610
3 345
4 700
8 219
13 58
22 325
103 23
137 6
169 16
232 3
233 3
312 4
313 4
488 12
519 20
527 7
647 2
812 3
813 3
819 27
2262 1
2263 1
3394 1
###########
0 1
1 1
2 3273
43 42
159 82
3399 1
###########
0 1
1 1
2 1465
8 1389
18 387
67 88
69 16
168 30
214 8
528 14
1184 2
1329 3
3404 1
###########
0 1
1 1
2 188
4 1065
8 1786
13 19
17 204
42 70
79 27
84 6
184 18
457 5
654 17
2272 1
2273 1
3409 1
###########
0 1
1 1
2 2101
8 1228
34 60
664 23
3414 1
###########
0 1
1 1
2 643
3 991
4 1663
8 87
39 33
3419 1
###########
0 1
1 1
2 454
3 565
4 356
7 572
9 232
13 46
14 384
18 80
19 24
49 140
57 549
323 14
652 2
653 2
2282 1
2283 1
3424 1
###########
0 1
1 1
2 341
3 646
4 12
7 833
9 1227
27 125
42 79
43 94
94 46
437 10
514 14
3429 1
###########
0 1
1 1
2 2450
4 560
7 229
48 124
197 37
347 5
738 18
1033 9
3434 1
###########
0 1
1 1
2 246
4 111
8 1741
9 213
13 831
19 127
34 10
102 44
112 65
317 4
393 43
2292 1
2293 1
3439 1
###########
0 1
1 1
2 2141
8 348
14 515
27 211
42 187
54 34
1253 3
1344 3
3444 1
###########
0 1
1 1
2 1287
8 1985
27 165
683 5
1283 5
3449 1
###########
0 1
1 1
2 248
3 747
4 128
7 516
12 1156
13 167
43 242
79 89
87 48
104 53
237 3
299 23
407 20
418 5
658 2
827 3
2302 1
2303 1
3454 1
###########
0 1
1 1
2 3291
42 130
272 6
273 6
834 24
3459 1
###########
0 1
1 1
2 3373
17 16
52 58
293 15
3464 1
###########
0 1
1 1
2 724
3 1061
4 942
7 22
13 172
29 362
84 7
133 19
134 79
182 65
522 12
2312 1
2313 1
3469 1
###########
0 1
1 1
2 3349
98 95
322 16
839 8
1209 2
2719 2
3474 1
###########
0 1
1 1
2 2536
13 211
19 416
39 253
158 61
3479 1
###########
0 1
1 1
2 1846
4 130
7 198
9 379
13 736
33 78
63 10
67 13
94 29
187 49
749 8
1324 4
2322 1
2323 1
3484 1
###########
0 1
1 1
2 3395
14 8
63 53
398 19
482 12
3489 1
###########
0 1
1 1
2 1551
7 804
9 890
68 78
119 65
137 78
502 24
2734 2
3494 1
###########
0 1
1 1
2 2210
3 8
4 427
13 515
19 92
42 7
43 44
92 4
138 40
159 24
217 15
263 5
322 4
388 19
439 11
483 9
523 16
667 2
693 5
707 7
868 11
897 4
932 8
1273 3
2332 1
2333 1
2494 5
3499 1
###########
0 1
1 1
2 2977
24 217
52 281
679 27
3504 1
###########
0 1
1 1
2 1431
8 1398
13 364
69 145
107 97
188 69
464 3
3509 1
###########
0 1
1 1
2 1144
4 652
8 96
14 923
28 281
89 67
97 138
112 72
189 49
269 18
293 36
474 7
502 16
868 11
2342 1
2343 1
3514 1
###########
0 1
1 1
2 3051
4 97
8 200
32 127
224 8
248 14
269 14
544 4
1224 2
3519 1
###########
0 1
1 1
2 2945
13 264
22 309
754 4
3524 1
###########
0 1
1 1
2 2116
4 302
7 179
9 83
19 542
23 61
24 27
54 62
73 27
109 50
352 72
672 2
673 2
2352 1
2353 1
3529 1
###########
0 1
1 1
2 3357
8 54
38 86
87 35
3534 1
###########
0 1
1 1
2 2870
4 87
13 471
108 58
269 18
328 29
907 4
3539 1
###########
0 1
1 1
2 1195
4 821
8 342
14 58
22 145
28 213
33 113
54 595
113 27
219 5
243 3
362 16
848 3
1119 4
2362 1
2363 1
3544 1
###########
0 1
1 1
2 3104
34 289
53 85
163 25
277 44
3549 1
###########
0 1
1 1
2 2345
3 1133
59 13
209 28
333 30
1293 3
3554 1
###########
0 1
1 1
2 472
3 967
4 777
7 246
12 481
17 270
19 48
22 61
63 47
73 38
78 91
114 14
372 14
424 15
678 2
1064 5
2372 1
2373 1
2399 7
3559 1
###########
0 1
1 1
2 2811
18 501
38 67
77 96
159 29
182 58
3564 1
###########
0 1
1 1
2 1357
3 1892
53 84
82 189
112 7
154 16
694 22
3569 1
###########
0 1
1 1
2 1820
4 1046
9 204
14 227
33 15
58 11
104 58
118 68
132 11
139 57
164 46
769 7
2382 1
2383 1
3574 1
###########
0 1
1 1
2 1990
3 1465
47 122
3579 1
###########
0 1
1 1
2 1946
7 1068
24 72
37 353
52 112
79 10
449 11
533 10
3584 1
###########
0 1
1 1
2 2376
4 309
7 418
13 399
43 52
83 15
109 12
1249 2
2392 1
2393 1
2809 2
3589 1
###########
0 1
1 1
2 541
3 286
8 1945
9 259
14 159
33 347
78 44
142 11
3594 1
###########
0 1
1 1
2 1027
3 2148
47 359
182 18
333 33
442 8
922 4
3599 1
###########
0 1
1 1
2 1209
4 567
7 365
8 471
33 500
44 161
49 208
52 6
138 12
247 3
252 12
377 6
404 24
574 51
687 2
863 3
2402 1
2403 1
3604 1
###########
0 1
1 1
2 3195
7 59
13 102
29 107
43 99
287 10
318 15
382 12
1313 3
1409 3
2824 2
3609 1
###########
0 1
1 1
2 2329
8 412
13 82
17 67
24 519
48 100
53 90
463 13
3614 1
###########
0 1
1 1
2 1883
4 1077
44 11
59 452
97 12
108 6
154 29
214 13
348 12
379 63
402 47
517 4
727 6
2412 1
2413 1
3619 1
###########
0 1
1 1
2 127
3 1889
9 851
22 621
33 76
289 58
3624 1
###########
0 1
1 1
2 1678
3 316
7 165
9 917
12 47
23 409
89 72
169 5
554 18
3629 1
###########
0 1
1 1
2 303
3 750
4 1124
8 123
9 1105
32 54
44 46
87 13
148 33
343 46
424 4
692 2
693 2
809 8
1044 15
1264 2
2422 1
2423 1
3634 1
###########
0 1
1 1
2 2271
9 528
13 529
18 276
183 16
459 13
932 4
3639 1
###########
0 1
1 1
2 1141
4 1075
7 1423
1084 3
3644 1
###########
0 1
1 1
2 338
3 631
4 736
8 926
9 426
12 16
13 202
19 137
22 130
38 5
133 5
147 6
183 19
299 28
303 19
323 8
368 5
958 5
1424 3
2432 1
2433 1
3649 1
###########
0 1
1 1
2 3140
4 266
17 33
47 159
172 11
224 31
707 8
1019 4
3654 1
###########
0 1
1 1
2 1225
3 741
8 1142
18 328
98 221
3659 1
###########
0 1
1 1
2 942
4 1134
7 29
8 1465
82 13
84 23
329 9
394 25
698 2
1033 5
1333 3
2442 1
2443 1
2614 10
3664 1
###########
0 1
1 1
2 1773
3 85
4 1238
9 190
28 154
53 163
79 64
3669 1
###########
0 1
1 1
2 655
3 2467
37 371
64 25
72 8
87 35
183 19
233 92
3674 1
###########
0 1
1 1
2 840
4 1083
8 1392
42 207
43 62
94 23
139 34
277 22
357 12
2452 1
2453 1
3679 1
###########
0 1
1 1
2 3073
14 292
22 165
24 23
92 120
994 9
3684 1
###########
0 1
1 1
2 1472
4 696
8 654
22 419
29 101
44 145
57 138
63 58
1029 4
3689 1
###########
0 1
1 1
2 1679
3 646
4 859
7 225
13 90
24 91
92 44
124 15
214 35
1417 6
2462 1
2463 1
3694 1
###########
0 1
1 1
2 435
3 2796
4 449
94 11
1047 6
3699 1
###########
0 1
1 1
2 3628
108 59
229 5
829 6
1289 2
2899 2
3704 1
###########
0 1
1 1
2 61
3 1929
4 1019
8 228
13 162
32 169
62 8
98 53
112 53
158 21
707 2
2472 1
2473 1
3709 1
###########
0 1
1 1
2 1403
3 1467
7 663
37 122
58 34
228 23
3714 1
###########
0 1
1 1
2 2556
13 92
14 1000
147 66
1353 3
3719 1
###########
0 1
1 1
2 386
4 1107
8 1808
34 98
54 185
79 16
143 40
149 8
159 33
343 4
399 21
1018 8
2482 1
2483 1
2674 4
2914 2
3724 1
###########
0 1
1 1
2 971
3 1201
4 529
9 321
13 602
127 29
219 26
348 34
377 5
738 5
1378 4
3729 1
###########
0 1
1 1
2 3307
7 73
8 175
78 8
92 145
172 17
194 4
494 3
3734 1
###########
0 1
1 1
2 223
3 1239
4 672
7 405
17 731
32 149
34 29
44 126
169 111
182 20
304 18
712 2
713 2
1489 4
2492 1
2493 1
2989 4
3739 1
###########
0 1
1 1
2 640
3 1822
4 536
7 721
594 20
1114 3
3744 1
###########
0 1
1 1
2 2664
7 934
32 34
53 83
94 27
1304 2
2664 3
3749 1
###########
0 1
1 1
2 16
3 1692
4 1005
8 773
37 193
202 16
322 15
334 20
792 11
839 9
2502 1
2503 1
3754 1
###########
0 1
1 1
2 708
3 1257
4 250
8 1361
148 70
177 97
353 14
3759 1
###########
0 1
1 1
2 3492
27 248
547 13
733 9
3764 1
###########
0 1
1 1
2 472
4 1126
8 1159
13 108
17 53
18 37
27 596
37 15
48 127
72 12
177 49
258 3
499 3
718 2
902 3
2512 1
2513 1
3769 1
###########
0 1
1 1
2 3193
3 536
73 40
1373 3
3774 1
###########
0 1
1 1
2 472
3 751
9 1513
17 462
24 160
34 294
107 37
229 80
832 8
3779 1
###########
0 1
1 1
2 378
3 958
4 231
7 502
8 361
12 238
13 29
14 151
22 282
39 131
47 15
49 80
89 115
94 61
117 121
199 60
227 35
348 4
382 15
599 13
2522 1
2523 1
3784 1
###########
0 1
1 1
2 2407
12 1298
33 82
3789 1
###########
0 1
1 1
2 2640
4 289
7 210
18 218
28 111
63 189
124 72
138 27
262 32
1402 4
3794 1
###########
0 1
1 1
2 2059
4 856
8 276
13 53
19 208
24 14
33 94
44 19
64 70
107 69
172 33
238 39
1168 5
2532 1
2533 1
3799 1
###########
0 1
1 1
2 518
3 2993
19 153
48 126
194 8
814 4
3804 1
###########
0 1
1 1
2 1102
3 1293
13 1231
37 84
47 34
87 48
134 15
3809 1
###########
0 1
1 1
2 1708
4 378
7 193
9 613
12 78
34 344
43 183
63 93
103 71
174 22
237 9
283 61
298 34
582 7
727 2
854 8
1489 3
2542 1
2543 1
3039 3
3814 1
###########
0 1
1 1
2 1322
3 2434
34 24
167 30
1329 2
2714 3
2989 2
3819 1
###########
0 1
1 1
2 1437
4 905
7 277
8 1001
14 109
44 26
449 61
1082 6
3824 1
###########
0 1
1 1
2 1316
3 928
4 799
7 199
13 24
34 234
54 131
79 9
89 50
93 9
98 95
173 14
262 3
352 4
353 4
917 3
1393 3
2552 1
2553 1
3829 1
###########
0 1
1 1
2 3454
8 159
29 57
89 129
597 21
948 12
3834 1
###########
0 1
1 1
2 1120
3 614
4 1764
39 88
52 224
362 25
3004 2
3839 1
###########
0 1
1 1
2 533
4 359
7 423
8 1318
12 292
23 384
37 356
52 116
307 16
583 7
732 2
733 2
849 21
938 11
2562 1
2563 1
3844 1
###########
0 1
1 1
2 3667
14 51
82 85
453 6
469 13
479 19
1518 6
3849 1
###########
0 1
1 1
2 3607
32 113
107 70
307 23
444 23
569 8
763 5
1504 3
3854 1
###########
0 1
1 1
2 1234
3 84
4 37
7 1175
8 491
12 393
23 20
24 241
38 20
57 56
64 24
108 20
109 39
859 9
1197 12
2572 1
2573 1
3859 1
###########
0 1
1 1
2 1636
7 155
8 350
9 905
19 177
22 477
97 49
109 46
159 36
268 19
278 10
1344 2
3864 1
###########
0 1
1 1
2 513
3 1950
4 597
18 646
117 125
769 22
994 14
3869 1
###########
0 1
1 1
2 807
3 207
4 588
7 88
9 847
12 705
13 425
88 51
102 4
268 62
322 12
357 4
409 35
493 8
738 2
793 9
993 4
1183 12
2582 1
2583 1
3874 1
###########
0 1
1 1
2 2821
3 909
17 135
482 8
1182 4
3879 1
###########
0 1
1 1
2 2473
13 605
17 467
44 200
87 71
93 10
143 18
228 27
244 8
1413 3
3884 1
###########
0 1
1 1
2 1478
4 1173
9 670
18 437
49 71
223 7
307 17
364 18
454 4
584 6
1084 4
2592 1
2593 1
3889 1
###########
0 1
1 1
2 2383
9 398
17 579
27 60
32 236
42 52
158 150
449 24
1159 3
1239 7
3894 1
###########
0 1
1 1
2 2738
24 613
38 59
42 374
64 82
224 23
1237 8
3899 1
###########
0 1
1 1
2 556
3 530
4 1258
8 225
9 158
14 458
18 285
39 246
77 54
94 8
123 29
194 23
298 16
523 5
543 18
587 8
1114 12
1169 11
2602 1
2603 1
3904 1
###########
0 1
1 1
2 2395
4 1468
409 44
3909 1
###########
0 1
1 1
2 2527
3 905
18 362
24 25
168 22
172 13
247 38
379 8
792 8
1003 4
3914 1
###########
0 1
1 1
2 2493
4 720
7 155
19 190
23 45
52 33
64 64
77 67
133 127
268 3
747 2
938 3
1213 13
2612 1
2613 1
3919 1
###########
0 1
1 1
2 2826
12 1030
119 24
304 13
347 11
823 11
1094 4
2789 3
3924 1
###########
0 1
1 1
2 2916
13 710
29 159
47 90
59 18
197 27
1178 7
3929 1
###########
0 1
1 1
2 271
3 108
4 729
8 1756
9 373
22 298
37 132
39 96
64 129
158 6
362 4
538 17
609 4
1369 2
2622 1
2623 1
3079 2
3134 3
3934 1
###########
0 1
1 1
2 182
3 2245
9 950
28 427
43 125
1229 5
1433 3
3939 1
###########
0 1
1 1
2 2500
3 681
32 616
74 23
123 61
224 12
293 44
398 5
3944 1
###########
0 1
1 1
2 1891
4 704
8 260
18 51
28 384
29 287
53 125
112 64
169 29
223 54
313 8
332 13
448 29
478 13
532 29
752 2
753 2
2632 1
2633 1
3949 1
###########
0 1
1 1
2 503
4 1483
12 1417
18 364
28 67
72 49
83 8
189 31
193 11
372 6
1043 11
3094 2
3954 1
###########
0 1
1 1
2 2899
4 860
27 135
57 17
307 32
863 9
1472 5
3959 1
###########
0 1
1 1
2 312
4 91
7 582
8 1865
13 320
17 43
18 305
19 15
22 268
64 44
99 97
153 18
2642 1
2643 1
3964 1
###########
0 1
1 1
2 411
3 2509
12 861
134 84
388 68
449 24
967 10
3969 1
###########
0 1
1 1
2 2534
3 464
13 87
17 210
34 479
97 91
167 103
1018 4
3974 1
###########
0 1
1 1
2 353
3 546
4 155
7 344
9 1663
13 570
19 212
49 38
272 3
273 3
318 41
342 18
357 19
758 2
952 3
953 3
1384 2
2652 1
2653 1
3979 1
###########
0 1
1 1
2 3184
13 299
22 82
52 21
68 126
109 126
114 37
219 14
237 25
239 39
354 22
1034 7
3984 1
###########
0 1
1 1
2 3845
22 43
293 55
368 10
382 10
394 19
403 5
3989 1
###########
0 1
1 1
2 1002
4 1227
8 501
9 591
32 527
319 44
329 40
478 20
529 3
589 21
1084 5
1189 3
1453 3
2662 1
2663 1
2839 3
3994 1
###########
0 1
1 1
2 3921
37 69
1093 7
3999 1
###########
0 1
1 1
2 2570
3 952
4 240
22 22
24 70
48 38
127 34
192 62
1089 7
2754 7
4004 1
###########
0 1
1 1
2 1734
4 1077
13 118
14 225
18 576
52 107
54 86
134 49
157 33
2672 1
2673 1
4009 1
###########
0 1
1 1
2 2287
4 92
7 296
9 338
18 179
32 594
34 160
57 16
103 9
442 30
1028 4
1247 7
4014 1
###########
0 1
1 1
2 3867
32 90
49 36
1228 21
1569 3
4019 1
###########
0 1
1 1
2 2304
4 1320
33 73
39 119
42 5
54 150
124 14
302 5
552 18
767 2
797 5
1057 5
2682 1
2683 1
4024 1
###########
0 1
1 1
2 1683
3 2244
79 85
214 10
559 5
4029 1
###########
0 1
1 1
2 1829
4 1992
24 94
133 81
329 30
547 6
4034 1
###########
0 1
1 1
2 2355
4 261
7 753
14 56
24 217
28 174
72 27
182 23
193 35
227 13
232 11
244 90
277 3
967 3
1543 14
2692 1
2693 1
4039 1
###########
0 1
1 1
2 3017
3 575
13 298
17 54
212 86
348 12
4044 1
###########
0 1
1 1
2 3175
19 205
38 606
97 37
152 7
618 10
1409 2
1473 3
3169 2
4049 1
###########
0 1
1 1
2 215
3 1029
4 822
8 578
9 536
19 470
32 340
109 25
193 19
649 12
772 2
773 2
2702 1
2703 1
4054 1
###########
0 1
1 1
2 736
4 2288
12 955
108 29
112 31
174 15
1584 3
4059 1
###########
0 1
1 1
2 213
3 2584
4 779
27 280
53 70
94 104
298 17
1114 15
4064 1
###########
0 1
1 1
2 1885
4 666
7 189
8 524
12 172
13 473
113 98
142 24
1044 24
1253 8
2712 1
2713 1
3184 2
4069 1
###########
0 1
1 1
2 995
3 526
7 2163
29 337
84 5
88 28
143 8
314 10
4074 1
###########
0 1
1 1
2 173
3 1887
13 39
14 1871
128 7
158 96
582 4
4079 1
###########
0 1
1 1
2 882
3 1813
4 33
7 559
13 261
19 51
43 5
64 26
88 351
103 21
139 6
148 5
252 26
307 5
412 5
778 2
787 12
808 5
814 7
1072 5
2722 1
2723 1
4084 1
###########
0 1
1 1
2 1715
9 27
12 2143
28 184
584 18
4089 1
###########
0 1
1 1
2 2219
13 292
19 77
22 1375
72 28
169 12
217 17
342 34
584 36
1424 2
4094 1
###########
0 1
1 1
2 2466
4 508
28 533
34 6
49 301
69 56
87 73
89 50
99 85
118 10
1279 7
2732 1
2733 1
4099 1
###########
0 1
1 1
2 992
3 1615
8 617
27 49
28 11
33 80
37 167
57 491
69 19
262 39
514 19
1493 3
4104 1
###########
0 1
1 1
2 591
3 2487
12 185
19 176
44 282
114 379
2824 7
4109 1
###########
0 1
1 1
2 63
3 866
4 453
7 223
12 1056
17 430
22 416
23 239
62 8
88 69
102 62
154 33
157 99
193 47
332 8
359 9
544 3
592 26
2742 1
2743 1
4114 1
###########
0 1
1 1
2 3254
3 336
59 360
119 159
438 8
4119 1
###########
0 1
1 1
2 2743
4 756
48 579
388 6
1057 4
1162 5
1314 23
1544 6
4124 1
###########
0 1
1 1
2 781
3 59
4 23
7 355
8 317
12 1478
19 552
28 10
34 12
37 109
42 40
49 45
63 50
79 94
112 62
139 36
159 12
207 14
283 3
409 37
442 31
787 2
988 3
2752 1
2753 1
4129 1
###########
0 1
1 1
2 3237
3 14
14 648
38 65
44 45
59 75
223 38
1294 10
4134 1
###########
0 1
1 1
2 177
3 451
4 1532
8 778
18 250
22 178
52 596
74 164
184 11
4139 1
###########
0 1
1 1
2 1136
4 1061
8 16
9 161
13 42
18 66
19 194
23 741
33 273
72 360
79 42
253 7
559 12
603 7
823 16
1642 6
2762 1
2763 1
4144 1
###########
0 1
1 1
2 3452
37 108
48 475
83 28
129 52
143 22
1269 10
4149 1
###########
0 1
1 1
2 3378
27 13
29 573
32 8
63 107
117 46
124 22
2854 5
4154 1
###########
0 1
1 1
2 625
3 1666
4 654
7 259
18 394
27 42
37 441
99 22
383 4
412 18
498 16
792 2
793 2
1249 7
1513 3
2772 1
2773 1
4159 1
###########
0 1
1 1
2 16
3 396
4 326
7 1927
9 998
22 233
79 202
287 8
572 35
1003 8
1067 4
1449 2
1664 5
3259 2
4164 1
###########
0 1
1 1
2 83
3 2424
12 723
17 709
27 211
1034 11
1144 6
4169 1
###########
0 1
1 1
2 882
3 1834
4 302
7 827
28 93
112 144
118 12
167 29
412 7
434 12
647 9
924 8
1543 4
1572 7
2782 1
2783 1
4174 1
###########
0 1
1 1
2 197
3 2975
13 397
54 573
177 35
4179 1
###########
0 1
1 1
2 3122
8 76
14 7
22 100
37 512
74 180
188 90
304 63
432 9
829 16
1287 5
3274 2
4184 1
###########
0 1
1 1
2 798
3 466
4 1147
7 218
8 671
23 303
48 17
63 216
68 125
74 63
147 47
168 6
204 11
219 30
287 3
337 27
459 10
572 12
798 2
1003 3
1083 10
2792 1
2793 1
4189 1
###########
0 1
1 1
2 709
3 900
4 274
7 2236
258 54
329 10
464 5
1278 4
4194 1
###########
0 1
1 1
2 2973
8 904
64 224
98 47
247 49
4199 1
###########
0 1
1 1
2 1980
4 579
7 766
8 159
23 135
24 453
84 20
113 14
127 54
149 20
317 14
1574 6
2802 1
2803 1
4204 1
###########
0 1
1 1
2 1518
4 2660
203 23
219 4
1464 2
4209 1
###########
0 1
1 1
2 562
3 332
4 700
7 1170
9 650
13 203
17 268
28 312
622 12
1533 3
4214 1
###########
0 1
1 1
2 1725
4 220
7 947
8 433
12 584
28 117
94 75
122 38
133 33
388 4
479 19
573 12
1348 8
2812 1
2813 1
4219 1
###########
0 1
1 1
2 3796
12 141
27 274
1082 4
1649 3
2889 4
4224 1
###########
0 1
1 1
2 2193
7 640
12 1299
77 72
102 12
654 4
664 7
4229 1
###########
0 1
1 1
2 266
3 639
4 1176
8 384
12 1469
17 16
52 207
84 29
363 15
592 20
807 2
1048 7
2822 1
2823 1
4234 1
###########
0 1
1 1
2 2541
4 978
34 697
368 17
1567 4
4239 1
###########
0 1
1 1
2 1397
4 1241
8 1034
24 160
27 280
67 108
107 13
114 9
4244 1
###########
0 1
1 1
2 1600
4 375
7 275
22 243
24 1018
28 43
48 123
67 263
103 15
118 134
173 17
182 53
223 63
473 20
1264 3
2832 1
2833 1
4249 1
###########
0 1
1 1
2 2813
3 961
4 373
13 78
118 13
248 14
4254 1
###########
0 1
1 1
2 289
3 3820
22 136
74 8
659 4
4259 1
###########
0 1
1 1
2 2654
4 1144
7 72
52 112
79 19
112 4
113 4
179 122
229 64
342 25
392 4
393 4
498 17
812 2
813 2
1092 4
1093 4
1664 3
2842 1
2843 1
4264 1
###########
0 1
1 1
2 3818
3 64
7 31
23 270
119 76
242 5
1553 3
4269 1
###########
0 1
1 1
2 3294
9 440
13 166
72 306
124 44
849 22
4274 1
###########
0 1
1 1
2 1455
3 978
4 948
7 372
34 96
42 53
48 304
179 60
1357 5
1489 2
2852 1
2853 1
3349 2
4279 1
###########
0 1
1 1
2 3257
3 346
7 41
38 299
59 87
72 125
99 30
114 72
199 5
212 10
433 5
594 5
4284 1
###########
0 1
1 1
2 2729
7 220
8 50
9 578
33 316
69 94
84 169
103 22
108 68
184 8
189 13
257 10
869 10
4289 1
###########
0 1
1 1
2 577
3 1140
4 73
7 1294
8 545
17 50
18 6
24 507
37 49
122 28
173 6
214 7
818 2
1138 6
2862 1
2863 1
4294 1
###########
0 1
1 1
2 1629
3 243
4 754
9 1382
43 179
144 58
317 45
1322 5
3364 2
4299 1
###########
0 1
1 1
2 1436
4 979
7 1175
29 86
42 391
57 210
1103 4
1169 5
1178 10
1367 6
4304 1
###########
0 1
1 1
2 2179
3 446
4 37
7 1056
12 44
22 300
23 45
58 37
63 49
74 75
374 11
397 4
453 22
2872 1
2873 1
4309 1
###########
0 1
1 1
2 1714
8 1167
13 1143
18 136
67 28
142 104
522 5
857 15
4314 1
###########
0 1
1 1
2 146
3 2698
4 879
14 567
224 4
314 17
1723 6
4319 1
###########
0 1
1 1
2 1799
4 537
7 585
9 781
27 23
28 160
38 20
43 22
52 112
69 20
72 8
114 148
163 7
252 36
318 21
342 8
347 7
423 9
1297 7
1504 2
1573 3
1648 5
2882 1
2883 1
4324 1
###########
0 1
1 1
2 4270
172 38
378 19
4329 1
###########
0 1
1 1
2 3287
22 68
23 970
1659 7
4334 1
###########
0 1
1 1
2 1368
4 1152
8 798
9 138
17 520
49 262
109 20
374 7
483 24
533 10
548 16
574 3
827 2
1059 8
1069 7
2892 1
2893 1
4339 1
###########
0 1
1 1
2 4184
29 18
38 97
69 24
158 13
959 6
4344 1
###########
0 1
1 1
2 1304
3 189
7 2524
22 37
47 182
62 108
1294 3
4349 1
###########
0 1
1 1
2 1041
4 259
7 108
8 1530
13 1049
24 98
57 55
122 144
239 22
298 3
452 11
1042 3
1354 24
2902 1
2903 1
3094 3
4354 1
###########
0 1
1 1
2 3001
12 1285
163 20
277 47
3484 4
4359 1
###########
0 1
1 1
2 2318
3 1828
28 8
87 79
88 63
122 55
1118 4
1192 7
4364 1
###########
0 1
1 1
2 2683
4 1139
12 12
19 247
77 136
127 40
208 15
234 30
302 12
307 12
402 4
464 17
612 14
832 2
833 2
2912 1
2913 1
4369 1
###########
0 1
1 1
2 1262
3 1851
22 639
32 100
49 466
177 13
314 38
579 3
4374 1
###########
0 1
1 1
2 2815
3 475
8 423
12 364
32 257
304 14
412 6
442 5
867 5
979 10
1593 3
4379 1
###########
0 1
1 1
2 2642
4 1431
8 18
39 205
73 19
198 51
313 9
1649 5
2922 1
2923 1
4384 1
###########
0 1
1 1
2 262
3 444
4 634
7 2594
64 366
107 17
128 70
4389 1
###########
0 1
1 1
2 926
4 3308
38 128
353 26
1529 2
3439 2
4394 1
###########
0 1
1 1
2 748
3 627
4 950
9 288
12 945
19 190
22 215
29 317
178 78
229 4
649 25
693 6
838 2
2932 1
2933 1
4399 1
###########
0 1
1 1
2 872
3 341
4 224
7 2678
42 153
67 43
143 13
248 40
352 18
604 8
1128 4
1544 8
4404 1
###########
0 1
1 1
2 1426
3 692
4 1344
12 673
23 68
29 92
64 53
302 27
458 32
4409 1
###########
0 1
1 1
2 1328
3 942
4 254
7 1211
8 667
302 3
1057 3
2942 1
2943 1
3454 2
4414 1
###########
0 1
1 1
2 154
3 2326
4 894
9 549
34 494
4419 1
###########
0 1
1 1
2 1894
4 711
9 181
12 448
13 1018
44 89
83 32
197 23
252 12
543 6
962 5
3144 3
4424 1
###########
0 1
1 1
2 2666
3 198
4 1366
78 49
103 66
333 5
367 11
377 15
382 20
458 18
877 5
1729 3
2952 1
2953 1
3529 3
4429 1
###########
0 1
1 1
2 2837
8 195
9 1204
18 177
104 16
1613 3
4434 1
###########
0 1
1 1
2 1360
3 1417
8 856
14 741
44 12
122 14
362 19
1219 16
1544 2
4439 1
###########
0 1
1 1
2 2784
3 130
4 1458
47 47
334 19
847 2
2962 1
2963 1
4444 1
###########
0 1
1 1
2 1845
4 930
13 1144
38 247
43 244
174 9
1144 7
1268 8
1379 13
4449 1
###########
0 1
1 1
2 2181
4 1523
9 532
34 39
43 39
59 42
104 75
169 21
4454 1
###########
0 1
1 1
2 2293
4 1476
12 49
14 95
18 405
78 79
84 22
342 12
904 9
1658 11
1752 4
2972 1
2973 1
4459 1
###########
0 1
1 1
2 1309
3 17
8 1418
28 1020
39 390
68 68
128 214
343 26
4464 1
###########
0 1
1 1
2 2541
7 1088
34 614
37 36
103 94
134 65
463 14
592 12
1744 3
4469 1
###########
0 1
1 1
2 994
4 771
8 620
12 880
18 227
19 456
22 252
42 12
59 159
63 18
89 28
437 36
852 2
853 2
1414 8
2982 1
2983 1
3074 5
4474 1
###########
0 1
1 1
2 1209
4 1067
8 2173
153 13
863 15
4479 1
###########
0 1
1 1
2 1475
3 2112
12 402
13 136
29 140
79 217
4484 1
###########
0 1
1 1
2 2455
3 268
4 1426
22 35
32 121
87 147
322 22
1579 8
1633 3
2992 1
2993 1
4489 1
###########
0 1
1 1
2 159
3 2702
8 28
12 662
14 638
39 225
167 69
529 9
4494 1
###########
0 1
1 1
2 3112
3 1041
23 121
44 50
87 81
109 18
358 34
949 22
1099 7
1123 8
1339 3
4499 1
###########
0 1
1 1
2 1055
3 845
4 236
9 827
13 833
14 90
23 119
24 59
37 326
43 59
217 34
308 3
499 5
643 4
858 2
1078 3
3002 1
3003 1
4504 1
###########
0 1
1 1
2 313
3 4101
147 26
173 24
184 23
1009 6
1189 10
1569 2
3529 2
4509 1
###########
0 1
1 1
2 3677
12 297
27 60
37 467
1007 7
1157 4
4514 1
###########
0 1
1 1
2 1265
3 1343
4 496
7 400
14 205
22 63
34 377
64 45
74 63
102 33
124 86
167 72
243 24
277 17
664 14
974 6
1117 6
3012 1
3013 1
4519 1
###########
0 1
1 1
2 210
3 2717
7 853
9 371
124 265
127 76
194 22
717 8
4524 1
###########
0 1
1 1
2 3735
4 578
57 83
207 76
364 50
3219 3
3544 2
4529 1
###########
0 1
1 1
2 66
3 2336
4 1509
8 14
9 515
18 50
332 26
483 14
3022 1
3023 1
4534 1
###########
0 1
1 1
2 2957
9 65
12 419
23 713
52 55
53 200
78 99
479 21
1597 8
4539 1
###########
0 1
1 1
2 923
3 1784
4 405
19 849
27 29
38 209
44 157
79 141
88 42
1653 3
4544 1
###########
0 1
1 1
2 2316
3 213
4 1212
9 121
13 64
53 27
58 97
64 67
102 113
128 201
183 6
244 69
358 6
428 6
867 2
1404 8
1419 5
1739 9
3032 1
3033 1
3624 3
4549 1
###########
0 1
1 1
2 3472
9 630
14 425
469 8
704 4
1167 4
1294 7
1584 2
4554 1
###########
0 1
1 1
2 709
4 523
7 3221
18 66
224 38
4559 1
###########
0 1
1 1
2 837
3 423
4 929
8 785
14 966
22 264
43 279
52 26
137 6
312 3
313 3
479 12
917 6
997 15
1092 3
1093 3
3042 1
3043 1
4564 1
###########
0 1
1 1
2 1873
4 1889
7 778
443 23
1392 4
4569 1
###########
0 1
1 1
2 3817
18 397
67 201
72 123
109 30
979 4
4574 1
###########
0 1
1 1
2 92
3 1790
4 1454
8 131
23 538
37 24
44 392
147 45
223 26
263 18
279 41
727 12
872 2
873 2
1279 8
3052 1
3053 1
4579 1
###########
0 1
1 1
2 2525
4 1651
9 146
127 189
187 47
659 24
4584 1
###########
0 1
1 1
2 2028
9 660
12 1484
28 168
63 174
88 61
404 12
4589 1
###########
0 1
1 1
2 2516
4 355
7 985
9 40
12 109
19 141
23 231
73 28
92 100
94 8
282 52
352 13
423 4
582 8
3062 1
3063 1
4594 1
###########
0 1
1 1
2 888
3 2925
7 459
47 199
58 56
244 20
384 38
609 3
1369 3
1673 3
3269 3
4599 1
###########
0 1
1 1
2 3941
4 328
54 141
57 129
92 16
194 14
258 29
3149 4
4604 1
###########
0 1
1 1
2 1022
4 630
7 850
8 1712
13 13
57 15
68 315
94 26
284 5
373 15
878 2
3072 1
3073 1
4609 1
###########
0 1
1 1
2 2101
3 2071
32 414
244 7
454 15
1182 4
4614 1
###########
0 1
1 1
2 2769
9 1041
13 467
87 87
94 170
142 65
1198 18
4619 1
###########
0 1
1 1
2 997
3 1718
4 41
7 1194
22 13
38 269
69 77
94 258
169 18
262 5
317 3
459 14
1107 3
1468 6
1609 2
3082 1
3083 1
3619 2
4624 1
###########
0 1
1 1
2 1780
4 1750
8 1063
474 25
889 9
4629 1
###########
0 1
1 1
2 610
3 3866
33 133
183 12
623 8
1809 3
4634 1
###########
0 1
1 1
2 1320
3 231
4 377
13 872
17 917
22 234
48 5
57 540
97 21
104 38
168 5
334 24
348 5
412 17
468 5
543 10
918 5
1218 5
1464 4
3092 1
3093 1
4639 1
###########
0 1
1 1
2 94
3 2651
9 1799
102 62
683 15
699 11
3134 8
3634 2
4644 1
###########
0 1
1 1
2 479
3 1243
4 719
8 439
9 1703
123 58
523 6
4649 1
###########
0 1
1 1
2 2253
4 719
7 153
13 253
18 838
37 127
82 57
109 68
123 4
127 124
428 4
433 19
724 22
887 2
1192 4
1693 3
3102 1
3103 1
4654 1
###########
0 1
1 1
2 4334
12 252
107 56
339 10
922 5
4659 1
###########
0 1
1 1
2 1952
4 310
7 2254
43 49
129 91
548 6
4664 1
###########
0 1
1 1
2 2509
4 755
7 507
23 452
34 221
152 103
159 47
202 69
1624 2
3112 1
3113 1
4669 1
###########
0 1
1 1
2 2897
3 337
9 36
14 1121
43 168
67 19
189 64
448 13
1019 14
1824 3
4674 1
###########
0 1
1 1
2 3758
3 680
22 172
138 12
153 55
4679 1
###########
0 1
1 1
2 62
3 1275
4 1169
8 1068
18 83
27 509
64 359
82 11
102 64
152 27
164 18
323 12
448 12
892 2
893 2
913 7
3122 1
3123 1
4684 1
###########
0 1
1 1
2 212
4 3870
18 187
19 241
73 64
197 66
399 47
4689 1
###########
0 1
1 1
2 4280
19 329
22 49
282 14
553 12
1409 8
4694 1
###########
0 1
1 1
2 3036
4 1522
84 70
244 38
417 21
432 4
433 4
3132 1
3133 1
4699 1
###########
0 1
1 1
2 99
3 925
7 445
9 2901
13 305
224 27
4704 1
###########
0 1
1 1
2 4645
9 59
1713 3
4709 1
###########
0 1
1 1
2 3034
4 1242
13 207
37 32
68 6
94 30
108 80
193 43
239 9
259 13
323 3
492 6
898 2
1128 3
3142 1
3143 1
4714 1
###########
0 1
1 1
2 204
3 2487
7 628
19 563
22 367
32 465
624 3
4719 1
###########
0 1
1 1
2 3396
4 1301
57 14
448 11
4724 1
###########
0 1
1 1
2 2589
4 319
7 375
13 438
28 423
38 69
62 414
97 14
149 47
303 31
1168 6
3152 1
3153 1
4729 1
###########
0 1
1 1
2 4093
9 89
12 236
109 125
202 45
364 22
383 35
387 41
484 36
1037 10
4734 1
###########
0 1
1 1
2 4314
44 289
73 56
99 9
368 65
1649 2
3709 2
4739 1
###########
0 1
1 1
2 1671
3 399
4 1135
8 65
9 952
28 436
72 31
74 39
437 4
928 8
3162 1
3163 1
4744 1
###########
0 1
1 1
2 1289
3 2329
4 440
9 418
23 172
37 62
148 9
669 17
1139 11
4749 1
###########
0 1
1 1
2 1239
3 1539
4 1738
87 104
132 27
187 50
287 32
729 6
1349 11
1429 6
4754 1
###########
0 1
1 1
2 2239
4 967
7 597
8 836
17 90
223 16
907 2
1184 6
3172 1
3173 1
3724 2
4759 1
###########
0 1
1 1
2 1847
3 1036
8 976
18 310
28 172
47 216
112 181
1333 12
1432 9
1733 3
4764 1
###########
0 1
1 1
2 2603
4 446
8 277
17 493
19 282
23 118
24 164
67 379
294 5
4769 1
###########
0 1
1 1
2 1140
3 33
4 1352
7 165
9 920
18 855
119 24
128 103
282 43
327 3
373 18
559 55
668 56
1143 3
3182 1
3183 1
4774 1
###########
0 1
1 1
2 4224
4 143
23 76
32 217
34 30
148 14
209 73
4779 1
###########
0 1
1 1
2 3953
3 542
33 143
177 68
198 29
349 40
947 5
1664 2
4784 1
###########
0 1
1 1
2 1855
4 553
7 656
8 691
12 379
13 365
159 179
192 6
193 6
272 13
509 66
697 7
703 5
912 2
913 2
3192 1
3193 1
4789 1
###########
0 1
1 1
2 2690
3 1418
18 426
27 29
62 191
204 38
4794 1
###########
0 1
1 1
2 3928
3 136
7 83
29 374
38 67
84 130
299 16
303 52
602 11
4799 1
###########
0 1
1 1
2 194
3 1400
4 1214
9 1048
17 181
24 24
32 149
43 80
58 112
97 112
128 205
307 21
334 36
442 4
574 14
3202 1
3203 1
3304 6
4804 1
###########
0 1
1 1
2 1239
4 3335
8 233
4809 1
###########
0 1
1 1
2 1242
3 3085
4 472
33 13
4814 1
###########
0 1
1 1
2 361
3 2244
4 137
7 847
13 454
17 291
22 140
78 312
918 2
988 24
1753 3
3212 1
3213 1
4819 1
###########
0 1
1 1
2 3171
9 938
17 186
42 380
73 107
94 40
4824 1
###########
0 1
1 1
2 4382
52 302
167 83
247 54
258 6
4829 1
###########
0 1
1 1
2 1070
3 1315
4 1591
12 494
29 256
98 66
107 13
132 7
154 11
1162 7
3222 1
3223 1
4834 1
###########
0 1
1 1
2 2779
8 1227
23 723
64 73
192 19
447 13
1889 3
4839 1
###########
0 1
1 1
2 2879
4 291
12 996
29 587
37 12
137 37
269 11
553 15
644 7
674 7
4844 1
###########
0 1
1 1
2 2330
4 964
7 573
17 860
273 10
292 10
462 31
517 54
523 13
3232 1
3233 1
4849 1
###########
0 1
1 1
2 4214
4 332
77 185
98 64
159 39
1039 4
1249 7
1444 3
1689 2
3799 2
4854 1
###########
0 1
1 1
2 4385
12 52
19 299
98 67
204 54
4859 1
###########
0 1
1 1
2 2948
4 1175
9 42
34 254
64 22
87 248
124 138
463 13
493 18
927 2
3242 1
3243 1
4864 1
###########
0 1
1 1
2 3370
3 1322
14 9
233 26
368 104
424 14
594 22
4869 1
###########
0 1
1 1
2 1233
3 1799
4 1013
12 546
44 170
77 39
107 57
609 10
1773 3
3814 2
4874 1
###########
0 1
1 1
2 3167
4 1459
47 37
49 82
73 38
183 13
418 29
967 16
1004 21
1314 10
1904 3
3252 1
3253 1
4879 1
###########
0 1
1 1
2 3955
3 498
42 332
173 58
574 18
593 7
687 10
1488 4
4884 1
###########
0 1
1 1
2 276
3 2491
4 1969
87 114
532 14
743 19
1253 4
4889 1
###########
0 1
1 1
2 1696
4 492
7 831
9 222
22 248
27 836
33 187
89 302
124 40
214 18
372 7
932 2
933 2
938 7
3262 1
3263 1
4894 1
###########
0 1
1 1
2 2452
3 1154
14 638
17 13
19 453
38 38
68 97
218 50
1704 2
4899 1
###########
0 1
1 1
2 1907
3 2463
4 201
47 35
49 38
68 227
98 19
109 12
4904 1
###########
0 1
1 1
2 1981
3 676
4 341
7 447
8 233
13 284
14 167
23 63
34 394
37 65
48 52
92 44
94 8
119 36
159 18
313 44
397 52
3272 1
3273 1
4909 1
###########
0 1
1 1
2 1624
3 2549
7 311
32 125
34 69
64 163
193 54
314 17
4914 1
###########
0 1
1 1
2 274
3 2600
9 1858
92 27
183 143
362 10
1534 5
4919 1
###########
0 1
1 1
2 445
3 1348
4 1370
8 1230
17 162
88 61
102 43
103 45
118 56
132 51
133 29
202 58
938 2
979 20
3282 1
3283 1
4924 1
###########
0 1
1 1
2 140
3 400
4 3915
27 357
112 74
117 24
752 10
1263 4
1793 3
4929 1
###########
0 1
1 1
2 2786
4 1697
34 231
74 167
79 37
498 5
1954 5
3374 4
4934 1
###########
0 1
1 1
2 2568
4 325
7 273
9 127
13 479
19 343
49 147
59 534
208 17
338 3
408 23
409 33
613 21
677 28
679 6
1182 3
1883 5
3292 1
3293 1
4939 1
###########
0 1
1 1
2 4843
59 47
264 35
274 6
654 3
713 8
4944 1
###########
0 1
1 1
2 1840
3 958
9 1637
22 348
127 26
223 93
377 7
744 22
778 16
4949 1
###########
0 1
1 1
2 2897
4 30
7 245
8 192
13 166
19 332
34 180
39 77
52 511
67 78
158 62
183 67
202 27
292 18
382 43
559 17
1474 3
3302 1
3303 1
3404 5
4954 1
###########
0 1
1 1
2 226
3 3522
7 73
9 829
29 98
72 165
302 7
343 22
608 6
1352 6
3524 3
4959 1
###########
0 1
1 1
2 1480
3 656
4 461
7 2016
9 72
33 166
169 6
277 17
349 39
528 15
679 8
708 4
717 17
1029 5
4964 1
###########
0 1
1 1
2 802
3 1404
4 606
7 13
8 815
13 742
29 90
37 285
42 16
59 87
273 79
769 4
947 2
1569 4
1729 2
1889 4
1953 4
3312 1
3313 1
3569 4
3889 2
4969 1
###########
0 1
1 1
2 325
3 2536
7 1282
9 362
14 250
33 83
77 62
168 72
4974 1
###########
0 1
1 1
2 1707
3 1136
7 122
8 534
9 1400
197 37
203 23
353 15
659 3
4979 1
###########
0 1
1 1
2 1207
3 674
4 885
9 1365
19 271
37 369
73 99
274 7
288 49
299 8
397 12
493 9
1754 13
1813 3
1874 5
1984 4
3322 1
3323 1
4984 1
###########
0 1
1 1
2 1168
3 2398
8 1168
42 204
568 10
583 17
679 16
1278 4
3904 2
4989 1
###########
0 1
1 1
2 1667
4 2464
39 478
63 282
212 44
424 5
539 9
627 21
789 17
988 5
4994 1
###########
0 1
1 1
2 3052
4 950
19 489
44 28
68 135
72 6
139 74
154 76
188 18
192 12
193 18
279 65
342 3
522 6
619 48
724 8
952 2
953 2
1197 3
3332 1
3333 1
4999 1
###########
BIGGEST: 30
